# Selection   : patch(inlet)
# Faces       : 1433
# Area        : 1.494412e-02
# Time        	areaAverage(p)	areaAverage(U)
0             	0.000000e+00	(0.000000e+00 7.600000e-03 0.000000e+00)
1             	1.676603e-02	(0.000000e+00 5.462653e-03 0.000000e+00)
2             	1.479409e-02	(0.000000e+00 5.462653e-03 0.000000e+00)
3             	4.982806e-03	(0.000000e+00 5.462653e-03 0.000000e+00)
4             	3.348065e-03	(0.000000e+00 5.462653e-03 0.000000e+00)
5             	1.629143e-03	(0.000000e+00 5.462653e-03 0.000000e+00)
6             	1.475882e-03	(0.000000e+00 5.462653e-03 0.000000e+00)
7             	9.043629e-04	(0.000000e+00 5.462653e-03 0.000000e+00)
8             	7.957629e-04	(0.000000e+00 5.462653e-03 0.000000e+00)
9             	7.007670e-04	(0.000000e+00 5.462653e-03 0.000000e+00)
10            	6.183865e-04	(0.000000e+00 5.462653e-03 0.000000e+00)
11            	5.471427e-04	(0.000000e+00 5.462653e-03 0.000000e+00)
12            	4.913240e-04	(0.000000e+00 5.462653e-03 0.000000e+00)
13            	4.325941e-04	(0.000000e+00 5.462653e-03 0.000000e+00)
14            	3.738911e-04	(0.000000e+00 5.462653e-03 0.000000e+00)
15            	3.198732e-04	(0.000000e+00 5.462653e-03 0.000000e+00)
16            	2.634217e-04	(0.000000e+00 5.462653e-03 0.000000e+00)
17            	2.123911e-04	(0.000000e+00 5.462653e-03 0.000000e+00)
18            	1.622275e-04	(0.000000e+00 5.462653e-03 0.000000e+00)
19            	1.130892e-04	(0.000000e+00 5.462653e-03 0.000000e+00)
20            	7.026839e-05	(0.000000e+00 5.462653e-03 0.000000e+00)
21            	2.898463e-05	(0.000000e+00 5.462653e-03 0.000000e+00)
22            	-3.695363e-06	(0.000000e+00 5.462653e-03 0.000000e+00)
23            	-3.268434e-05	(0.000000e+00 5.462653e-03 0.000000e+00)
24            	-5.592404e-05	(0.000000e+00 5.462653e-03 0.000000e+00)
25            	-7.419650e-05	(0.000000e+00 5.462653e-03 0.000000e+00)
26            	-8.786476e-05	(0.000000e+00 5.462653e-03 0.000000e+00)
27            	-9.705409e-05	(0.000000e+00 5.462653e-03 0.000000e+00)
28            	-1.021508e-04	(0.000000e+00 5.462653e-03 0.000000e+00)
29            	-1.035217e-04	(0.000000e+00 5.462653e-03 0.000000e+00)
30            	-9.961193e-05	(0.000000e+00 5.462653e-03 0.000000e+00)
31            	-9.517055e-05	(0.000000e+00 5.462653e-03 0.000000e+00)
32            	-8.842522e-05	(0.000000e+00 5.462653e-03 0.000000e+00)
33            	-6.526267e-05	(0.000000e+00 5.462653e-03 0.000000e+00)
34            	-5.547024e-05	(0.000000e+00 5.462653e-03 0.000000e+00)
35            	-2.445403e-05	(0.000000e+00 5.462653e-03 0.000000e+00)
36            	-1.523522e-05	(0.000000e+00 5.462653e-03 0.000000e+00)
37            	1.463666e-05	(0.000000e+00 5.462653e-03 0.000000e+00)
38            	2.279756e-05	(0.000000e+00 5.462653e-03 0.000000e+00)
39            	4.714767e-05	(0.000000e+00 5.462653e-03 0.000000e+00)
40            	5.194798e-05	(0.000000e+00 5.462653e-03 0.000000e+00)
41            	6.085931e-05	(0.000000e+00 5.462653e-03 0.000000e+00)
42            	6.568022e-05	(0.000000e+00 5.462653e-03 0.000000e+00)
43            	6.721272e-05	(0.000000e+00 5.462653e-03 0.000000e+00)
44            	6.722053e-05	(0.000000e+00 5.462653e-03 0.000000e+00)
45            	6.636604e-05	(0.000000e+00 5.462653e-03 0.000000e+00)
46            	6.073200e-05	(0.000000e+00 5.462653e-03 0.000000e+00)
47            	5.772928e-05	(0.000000e+00 5.462653e-03 0.000000e+00)
48            	4.629848e-05	(0.000000e+00 5.462653e-03 0.000000e+00)
49            	4.237245e-05	(0.000000e+00 5.462653e-03 0.000000e+00)
50            	3.112747e-05	(0.000000e+00 5.462653e-03 0.000000e+00)
51            	2.724943e-05	(0.000000e+00 5.462653e-03 0.000000e+00)
52            	1.685976e-05	(0.000000e+00 5.462653e-03 0.000000e+00)
53            	8.806628e-06	(0.000000e+00 5.462653e-03 0.000000e+00)
54            	6.682781e-06	(0.000000e+00 5.462653e-03 0.000000e+00)
55            	2.254610e-06	(0.000000e+00 5.462653e-03 0.000000e+00)
56            	1.231220e-06	(0.000000e+00 5.462653e-03 0.000000e+00)
57            	-4.711285e-09	(0.000000e+00 5.462653e-03 0.000000e+00)
58            	-5.510723e-07	(0.000000e+00 5.462653e-03 0.000000e+00)
59            	8.701296e-07	(0.000000e+00 5.462653e-03 0.000000e+00)
60            	1.910697e-06	(0.000000e+00 5.462653e-03 0.000000e+00)
61            	4.920762e-06	(0.000000e+00 5.462653e-03 0.000000e+00)
62            	1.048143e-05	(0.000000e+00 5.462653e-03 0.000000e+00)
63            	1.483447e-05	(0.000000e+00 5.462653e-03 0.000000e+00)
64            	1.608248e-05	(0.000000e+00 5.462653e-03 0.000000e+00)
65            	1.871676e-05	(0.000000e+00 5.462653e-03 0.000000e+00)
66            	1.975407e-05	(0.000000e+00 5.462653e-03 0.000000e+00)
67            	2.220592e-05	(0.000000e+00 5.462653e-03 0.000000e+00)
68            	2.345381e-05	(0.000000e+00 5.462653e-03 0.000000e+00)
69            	2.362837e-05	(0.000000e+00 5.462653e-03 0.000000e+00)
70            	2.339611e-05	(0.000000e+00 5.462653e-03 0.000000e+00)
71            	2.318363e-05	(0.000000e+00 5.462653e-03 0.000000e+00)
72            	2.219665e-05	(0.000000e+00 5.462653e-03 0.000000e+00)
73            	2.141536e-05	(0.000000e+00 5.462653e-03 0.000000e+00)
74            	2.000280e-05	(0.000000e+00 5.462653e-03 0.000000e+00)
75            	1.833809e-05	(0.000000e+00 5.462653e-03 0.000000e+00)
76            	1.708412e-05	(0.000000e+00 5.462653e-03 0.000000e+00)
77            	1.582323e-05	(0.000000e+00 5.462653e-03 0.000000e+00)
78            	1.526289e-05	(0.000000e+00 5.462653e-03 0.000000e+00)
79            	1.414894e-05	(0.000000e+00 5.462653e-03 0.000000e+00)
80            	1.366376e-05	(0.000000e+00 5.462653e-03 0.000000e+00)
81            	1.289166e-05	(0.000000e+00 5.462653e-03 0.000000e+00)
82            	1.263907e-05	(0.000000e+00 5.462653e-03 0.000000e+00)
83            	1.175575e-05	(0.000000e+00 5.462653e-03 0.000000e+00)
84            	1.183261e-05	(0.000000e+00 5.462653e-03 0.000000e+00)
85            	1.155794e-05	(0.000000e+00 5.462653e-03 0.000000e+00)
86            	1.158237e-05	(0.000000e+00 5.462653e-03 0.000000e+00)
87            	1.158866e-05	(0.000000e+00 5.462653e-03 0.000000e+00)
88            	1.173097e-05	(0.000000e+00 5.462653e-03 0.000000e+00)
89            	1.182549e-05	(0.000000e+00 5.462653e-03 0.000000e+00)
90            	1.198040e-05	(0.000000e+00 5.462653e-03 0.000000e+00)
91            	1.268867e-05	(0.000000e+00 5.462653e-03 0.000000e+00)
92            	1.320789e-05	(0.000000e+00 5.462653e-03 0.000000e+00)
93            	1.360476e-05	(0.000000e+00 5.462653e-03 0.000000e+00)
94            	1.370361e-05	(0.000000e+00 5.462653e-03 0.000000e+00)
95            	1.365829e-05	(0.000000e+00 5.462653e-03 0.000000e+00)
96            	1.343040e-05	(0.000000e+00 5.462653e-03 0.000000e+00)
97            	1.332957e-05	(0.000000e+00 5.462653e-03 0.000000e+00)
98            	1.311588e-05	(0.000000e+00 5.462653e-03 0.000000e+00)
99            	1.275722e-05	(0.000000e+00 5.462653e-03 0.000000e+00)
100           	1.243563e-05	(0.000000e+00 5.462653e-03 0.000000e+00)
101           	1.222558e-05	(0.000000e+00 5.462653e-03 0.000000e+00)
102           	1.190325e-05	(0.000000e+00 5.462653e-03 0.000000e+00)
103           	1.156518e-05	(0.000000e+00 5.462653e-03 0.000000e+00)
104           	1.083873e-05	(0.000000e+00 5.462653e-03 0.000000e+00)
105           	1.062998e-05	(0.000000e+00 5.462653e-03 0.000000e+00)
106           	1.043381e-05	(0.000000e+00 5.462653e-03 0.000000e+00)
107           	1.025941e-05	(0.000000e+00 5.462653e-03 0.000000e+00)
108           	1.012078e-05	(0.000000e+00 5.462653e-03 0.000000e+00)
109           	1.000838e-05	(0.000000e+00 5.462653e-03 0.000000e+00)
110           	9.935267e-06	(0.000000e+00 5.462653e-03 0.000000e+00)
111           	9.787953e-06	(0.000000e+00 5.462653e-03 0.000000e+00)
112           	9.821469e-06	(0.000000e+00 5.462653e-03 0.000000e+00)
113           	9.795189e-06	(0.000000e+00 5.462653e-03 0.000000e+00)
114           	9.801551e-06	(0.000000e+00 5.462653e-03 0.000000e+00)
115           	1.007476e-05	(0.000000e+00 5.462653e-03 0.000000e+00)
116           	9.934395e-06	(0.000000e+00 5.462653e-03 0.000000e+00)
117           	1.075003e-05	(0.000000e+00 5.462653e-03 0.000000e+00)
118           	9.474534e-06	(0.000000e+00 5.462653e-03 0.000000e+00)
119           	1.490445e-05	(0.000000e+00 5.462653e-03 0.000000e+00)
120           	1.660859e-05	(0.000000e+00 5.462653e-03 0.000000e+00)
121           	1.017013e-05	(0.000000e+00 5.462653e-03 0.000000e+00)
122           	1.051601e-05	(0.000000e+00 5.462653e-03 0.000000e+00)
123           	1.027379e-05	(0.000000e+00 5.462653e-03 0.000000e+00)
124           	9.650259e-06	(0.000000e+00 5.462653e-03 0.000000e+00)
125           	1.020806e-05	(0.000000e+00 5.462653e-03 0.000000e+00)
126           	1.059857e-05	(0.000000e+00 5.462653e-03 0.000000e+00)
127           	1.011695e-05	(0.000000e+00 5.462653e-03 0.000000e+00)
128           	8.868470e-06	(0.000000e+00 5.462653e-03 0.000000e+00)
129           	8.688016e-06	(0.000000e+00 5.462653e-03 0.000000e+00)
130           	8.457145e-06	(0.000000e+00 5.462653e-03 0.000000e+00)
131           	8.707501e-06	(0.000000e+00 5.462653e-03 0.000000e+00)
132           	8.469499e-06	(0.000000e+00 5.462653e-03 0.000000e+00)
133           	9.129425e-06	(0.000000e+00 5.462653e-03 0.000000e+00)
134           	9.171449e-06	(0.000000e+00 5.462653e-03 0.000000e+00)
135           	8.848263e-06	(0.000000e+00 5.462653e-03 0.000000e+00)
136           	8.880513e-06	(0.000000e+00 5.462653e-03 0.000000e+00)
137           	8.396908e-06	(0.000000e+00 5.462653e-03 0.000000e+00)
138           	8.782753e-06	(0.000000e+00 5.462653e-03 0.000000e+00)
139           	9.615654e-06	(0.000000e+00 5.462653e-03 0.000000e+00)
140           	8.943683e-06	(0.000000e+00 5.462653e-03 0.000000e+00)
141           	7.563594e-06	(0.000000e+00 5.462653e-03 0.000000e+00)
142           	7.632248e-06	(0.000000e+00 5.462653e-03 0.000000e+00)
143           	7.756894e-06	(0.000000e+00 5.462653e-03 0.000000e+00)
144           	8.210046e-06	(0.000000e+00 5.462653e-03 0.000000e+00)
145           	8.228801e-06	(0.000000e+00 5.462653e-03 0.000000e+00)
146           	7.466500e-06	(0.000000e+00 5.462653e-03 0.000000e+00)
147           	7.629523e-06	(0.000000e+00 5.462653e-03 0.000000e+00)
148           	7.942466e-06	(0.000000e+00 5.462653e-03 0.000000e+00)
149           	7.930859e-06	(0.000000e+00 5.462653e-03 0.000000e+00)
150           	7.767974e-06	(0.000000e+00 5.462653e-03 0.000000e+00)
151           	8.030075e-06	(0.000000e+00 5.462653e-03 0.000000e+00)
152           	7.724452e-06	(0.000000e+00 5.462653e-03 0.000000e+00)
153           	7.456720e-06	(0.000000e+00 5.462653e-03 0.000000e+00)
154           	7.526307e-06	(0.000000e+00 5.462653e-03 0.000000e+00)
155           	7.501810e-06	(0.000000e+00 5.462653e-03 0.000000e+00)
156           	7.448910e-06	(0.000000e+00 5.462653e-03 0.000000e+00)
157           	6.993336e-06	(0.000000e+00 5.462653e-03 0.000000e+00)
158           	7.111194e-06	(0.000000e+00 5.462653e-03 0.000000e+00)
159           	7.021688e-06	(0.000000e+00 5.462653e-03 0.000000e+00)
160           	6.967832e-06	(0.000000e+00 5.462653e-03 0.000000e+00)
161           	6.882633e-06	(0.000000e+00 5.462653e-03 0.000000e+00)
162           	6.281828e-06	(0.000000e+00 5.462653e-03 0.000000e+00)
163           	6.479699e-06	(0.000000e+00 5.462653e-03 0.000000e+00)
164           	6.417296e-06	(0.000000e+00 5.462653e-03 0.000000e+00)
165           	6.519788e-06	(0.000000e+00 5.462653e-03 0.000000e+00)
166           	6.448938e-06	(0.000000e+00 5.462653e-03 0.000000e+00)
167           	6.451622e-06	(0.000000e+00 5.462653e-03 0.000000e+00)
168           	6.372917e-06	(0.000000e+00 5.462653e-03 0.000000e+00)
169           	6.299535e-06	(0.000000e+00 5.462653e-03 0.000000e+00)
170           	6.219367e-06	(0.000000e+00 5.462653e-03 0.000000e+00)
171           	6.121609e-06	(0.000000e+00 5.462653e-03 0.000000e+00)
172           	5.571495e-06	(0.000000e+00 5.462653e-03 0.000000e+00)
173           	5.589495e-06	(0.000000e+00 5.462653e-03 0.000000e+00)
174           	5.573701e-06	(0.000000e+00 5.462653e-03 0.000000e+00)
175           	5.742128e-06	(0.000000e+00 5.462653e-03 0.000000e+00)
176           	5.820380e-06	(0.000000e+00 5.462653e-03 0.000000e+00)
177           	5.849389e-06	(0.000000e+00 5.462653e-03 0.000000e+00)
178           	5.800248e-06	(0.000000e+00 5.462653e-03 0.000000e+00)
179           	5.766092e-06	(0.000000e+00 5.462653e-03 0.000000e+00)
180           	5.713514e-06	(0.000000e+00 5.462653e-03 0.000000e+00)
181           	5.653318e-06	(0.000000e+00 5.462653e-03 0.000000e+00)
182           	5.593412e-06	(0.000000e+00 5.462653e-03 0.000000e+00)
183           	5.524481e-06	(0.000000e+00 5.462653e-03 0.000000e+00)
184           	5.496062e-06	(0.000000e+00 5.462653e-03 0.000000e+00)
185           	5.412312e-06	(0.000000e+00 5.462653e-03 0.000000e+00)
186           	5.343695e-06	(0.000000e+00 5.462653e-03 0.000000e+00)
187           	5.290190e-06	(0.000000e+00 5.462653e-03 0.000000e+00)
188           	5.268115e-06	(0.000000e+00 5.462653e-03 0.000000e+00)
189           	5.217370e-06	(0.000000e+00 5.462653e-03 0.000000e+00)
190           	5.174081e-06	(0.000000e+00 5.462653e-03 0.000000e+00)
191           	5.230923e-06	(0.000000e+00 5.462653e-03 0.000000e+00)
192           	5.069504e-06	(0.000000e+00 5.462653e-03 0.000000e+00)
193           	5.057989e-06	(0.000000e+00 5.462653e-03 0.000000e+00)
194           	4.982494e-06	(0.000000e+00 5.462653e-03 0.000000e+00)
195           	4.954409e-06	(0.000000e+00 5.462653e-03 0.000000e+00)
196           	4.934747e-06	(0.000000e+00 5.462653e-03 0.000000e+00)
197           	4.905214e-06	(0.000000e+00 5.462653e-03 0.000000e+00)
198           	4.870770e-06	(0.000000e+00 5.462653e-03 0.000000e+00)
199           	4.816536e-06	(0.000000e+00 5.462653e-03 0.000000e+00)
200           	4.785764e-06	(0.000000e+00 5.462653e-03 0.000000e+00)
201           	4.809665e-06	(0.000000e+00 5.462653e-03 0.000000e+00)
202           	4.712527e-06	(0.000000e+00 5.462653e-03 0.000000e+00)
203           	4.701880e-06	(0.000000e+00 5.462653e-03 0.000000e+00)
204           	4.678217e-06	(0.000000e+00 5.462653e-03 0.000000e+00)
205           	4.615316e-06	(0.000000e+00 5.462653e-03 0.000000e+00)
206           	4.551220e-06	(0.000000e+00 5.462653e-03 0.000000e+00)
207           	4.560983e-06	(0.000000e+00 5.462653e-03 0.000000e+00)
208           	4.492975e-06	(0.000000e+00 5.462653e-03 0.000000e+00)
209           	4.477147e-06	(0.000000e+00 5.462653e-03 0.000000e+00)
210           	4.570339e-06	(0.000000e+00 5.462653e-03 0.000000e+00)
211           	4.425314e-06	(0.000000e+00 5.462653e-03 0.000000e+00)
212           	4.414497e-06	(0.000000e+00 5.462653e-03 0.000000e+00)
213           	4.372389e-06	(0.000000e+00 5.462653e-03 0.000000e+00)
214           	4.332923e-06	(0.000000e+00 5.462653e-03 0.000000e+00)
215           	4.300008e-06	(0.000000e+00 5.462653e-03 0.000000e+00)
216           	4.247590e-06	(0.000000e+00 5.462653e-03 0.000000e+00)
217           	4.221136e-06	(0.000000e+00 5.462653e-03 0.000000e+00)
218           	4.199169e-06	(0.000000e+00 5.462653e-03 0.000000e+00)
219           	4.172757e-06	(0.000000e+00 5.462653e-03 0.000000e+00)
220           	4.148170e-06	(0.000000e+00 5.462653e-03 0.000000e+00)
221           	4.122546e-06	(0.000000e+00 5.462653e-03 0.000000e+00)
222           	4.112062e-06	(0.000000e+00 5.462653e-03 0.000000e+00)
223           	4.033180e-06	(0.000000e+00 5.462653e-03 0.000000e+00)
224           	4.024479e-06	(0.000000e+00 5.462653e-03 0.000000e+00)
225           	4.127454e-06	(0.000000e+00 5.462653e-03 0.000000e+00)
226           	3.985850e-06	(0.000000e+00 5.462653e-03 0.000000e+00)
227           	3.978017e-06	(0.000000e+00 5.462653e-03 0.000000e+00)
228           	3.929852e-06	(0.000000e+00 5.462653e-03 0.000000e+00)
229           	3.863457e-06	(0.000000e+00 5.462653e-03 0.000000e+00)
230           	3.806993e-06	(0.000000e+00 5.462653e-03 0.000000e+00)
231           	3.794922e-06	(0.000000e+00 5.462653e-03 0.000000e+00)
232           	3.775522e-06	(0.000000e+00 5.462653e-03 0.000000e+00)
233           	3.767228e-06	(0.000000e+00 5.462653e-03 0.000000e+00)
234           	3.758911e-06	(0.000000e+00 5.462653e-03 0.000000e+00)
235           	3.787795e-06	(0.000000e+00 5.462653e-03 0.000000e+00)
236           	3.724253e-06	(0.000000e+00 5.462653e-03 0.000000e+00)
237           	3.718931e-06	(0.000000e+00 5.462653e-03 0.000000e+00)
238           	3.699076e-06	(0.000000e+00 5.462653e-03 0.000000e+00)
239           	3.624567e-06	(0.000000e+00 5.462653e-03 0.000000e+00)
240           	3.621337e-06	(0.000000e+00 5.462653e-03 0.000000e+00)
241           	3.719825e-06	(0.000000e+00 5.462653e-03 0.000000e+00)
242           	3.628457e-06	(0.000000e+00 5.462653e-03 0.000000e+00)
243           	3.611249e-06	(0.000000e+00 5.462653e-03 0.000000e+00)
244           	3.542755e-06	(0.000000e+00 5.462653e-03 0.000000e+00)
245           	3.518703e-06	(0.000000e+00 5.462653e-03 0.000000e+00)
246           	3.499994e-06	(0.000000e+00 5.462653e-03 0.000000e+00)
247           	3.461431e-06	(0.000000e+00 5.462653e-03 0.000000e+00)
248           	3.410781e-06	(0.000000e+00 5.462653e-03 0.000000e+00)
249           	3.399898e-06	(0.000000e+00 5.462653e-03 0.000000e+00)
250           	3.430164e-06	(0.000000e+00 5.462653e-03 0.000000e+00)
251           	3.385124e-06	(0.000000e+00 5.462653e-03 0.000000e+00)
252           	3.373342e-06	(0.000000e+00 5.462653e-03 0.000000e+00)
253           	3.384478e-06	(0.000000e+00 5.462653e-03 0.000000e+00)
254           	3.355431e-06	(0.000000e+00 5.462653e-03 0.000000e+00)
255           	3.319699e-06	(0.000000e+00 5.462653e-03 0.000000e+00)
256           	3.359983e-06	(0.000000e+00 5.462653e-03 0.000000e+00)
257           	3.244549e-06	(0.000000e+00 5.462653e-03 0.000000e+00)
258           	3.275517e-06	(0.000000e+00 5.462653e-03 0.000000e+00)
259           	3.272909e-06	(0.000000e+00 5.462653e-03 0.000000e+00)
260           	3.279917e-06	(0.000000e+00 5.462653e-03 0.000000e+00)
261           	3.248390e-06	(0.000000e+00 5.462653e-03 0.000000e+00)
262           	3.204734e-06	(0.000000e+00 5.462653e-03 0.000000e+00)
263           	3.177480e-06	(0.000000e+00 5.462653e-03 0.000000e+00)
264           	3.221565e-06	(0.000000e+00 5.462653e-03 0.000000e+00)
265           	3.148938e-06	(0.000000e+00 5.462653e-03 0.000000e+00)
266           	3.130657e-06	(0.000000e+00 5.462653e-03 0.000000e+00)
267           	3.088234e-06	(0.000000e+00 5.462653e-03 0.000000e+00)
268           	3.058324e-06	(0.000000e+00 5.462653e-03 0.000000e+00)
269           	3.057949e-06	(0.000000e+00 5.462653e-03 0.000000e+00)
270           	3.039543e-06	(0.000000e+00 5.462653e-03 0.000000e+00)
271           	3.022775e-06	(0.000000e+00 5.462653e-03 0.000000e+00)
272           	3.074289e-06	(0.000000e+00 5.462653e-03 0.000000e+00)
273           	3.014860e-06	(0.000000e+00 5.462653e-03 0.000000e+00)
274           	3.006114e-06	(0.000000e+00 5.462653e-03 0.000000e+00)
275           	2.989580e-06	(0.000000e+00 5.462653e-03 0.000000e+00)
276           	2.950293e-06	(0.000000e+00 5.462653e-03 0.000000e+00)
277           	3.120609e-06	(0.000000e+00 5.462653e-03 0.000000e+00)
278           	2.980063e-06	(0.000000e+00 5.462653e-03 0.000000e+00)
279           	2.968758e-06	(0.000000e+00 5.462653e-03 0.000000e+00)
280           	2.912899e-06	(0.000000e+00 5.462653e-03 0.000000e+00)
281           	2.899105e-06	(0.000000e+00 5.462653e-03 0.000000e+00)
282           	2.870043e-06	(0.000000e+00 5.462653e-03 0.000000e+00)
283           	2.859345e-06	(0.000000e+00 5.462653e-03 0.000000e+00)
284           	2.834378e-06	(0.000000e+00 5.462653e-03 0.000000e+00)
285           	2.823050e-06	(0.000000e+00 5.462653e-03 0.000000e+00)
286           	2.826731e-06	(0.000000e+00 5.462653e-03 0.000000e+00)
287           	2.819418e-06	(0.000000e+00 5.462653e-03 0.000000e+00)
288           	2.800515e-06	(0.000000e+00 5.462653e-03 0.000000e+00)
289           	2.804625e-06	(0.000000e+00 5.462653e-03 0.000000e+00)
290           	2.790585e-06	(0.000000e+00 5.462653e-03 0.000000e+00)
291           	2.771794e-06	(0.000000e+00 5.462653e-03 0.000000e+00)
292           	2.750743e-06	(0.000000e+00 5.462653e-03 0.000000e+00)
293           	2.713961e-06	(0.000000e+00 5.462653e-03 0.000000e+00)
294           	2.784544e-06	(0.000000e+00 5.462653e-03 0.000000e+00)
295           	2.778622e-06	(0.000000e+00 5.462653e-03 0.000000e+00)
296           	2.771392e-06	(0.000000e+00 5.462653e-03 0.000000e+00)
297           	2.866328e-06	(0.000000e+00 5.462653e-03 0.000000e+00)
298           	2.737406e-06	(0.000000e+00 5.462653e-03 0.000000e+00)
299           	2.714839e-06	(0.000000e+00 5.462653e-03 0.000000e+00)
300           	2.662516e-06	(0.000000e+00 5.462653e-03 0.000000e+00)
301           	2.649211e-06	(0.000000e+00 5.462653e-03 0.000000e+00)
302           	2.601586e-06	(0.000000e+00 5.462653e-03 0.000000e+00)
303           	2.594076e-06	(0.000000e+00 5.462653e-03 0.000000e+00)
304           	2.552151e-06	(0.000000e+00 5.462653e-03 0.000000e+00)
305           	2.568022e-06	(0.000000e+00 5.462653e-03 0.000000e+00)
306           	2.614754e-06	(0.000000e+00 5.462653e-03 0.000000e+00)
307           	2.666695e-06	(0.000000e+00 5.462653e-03 0.000000e+00)
308           	2.617011e-06	(0.000000e+00 5.462653e-03 0.000000e+00)
309           	2.602907e-06	(0.000000e+00 5.462653e-03 0.000000e+00)
310           	2.565745e-06	(0.000000e+00 5.462653e-03 0.000000e+00)
311           	2.555396e-06	(0.000000e+00 5.462653e-03 0.000000e+00)
312           	2.715898e-06	(0.000000e+00 5.462653e-03 0.000000e+00)
313           	2.569293e-06	(0.000000e+00 5.462653e-03 0.000000e+00)
314           	2.564250e-06	(0.000000e+00 5.462653e-03 0.000000e+00)
315           	2.492916e-06	(0.000000e+00 5.462653e-03 0.000000e+00)
316           	2.471103e-06	(0.000000e+00 5.462653e-03 0.000000e+00)
317           	2.467745e-06	(0.000000e+00 5.462653e-03 0.000000e+00)
318           	2.455135e-06	(0.000000e+00 5.462653e-03 0.000000e+00)
319           	2.455432e-06	(0.000000e+00 5.462653e-03 0.000000e+00)
320           	2.462873e-06	(0.000000e+00 5.462653e-03 0.000000e+00)
321           	2.543335e-06	(0.000000e+00 5.462653e-03 0.000000e+00)
322           	2.455239e-06	(0.000000e+00 5.462653e-03 0.000000e+00)
323           	2.463855e-06	(0.000000e+00 5.462653e-03 0.000000e+00)
324           	2.418394e-06	(0.000000e+00 5.462653e-03 0.000000e+00)
325           	2.413436e-06	(0.000000e+00 5.462653e-03 0.000000e+00)
326           	2.408064e-06	(0.000000e+00 5.462653e-03 0.000000e+00)
327           	2.578239e-06	(0.000000e+00 5.462653e-03 0.000000e+00)
328           	2.442537e-06	(0.000000e+00 5.462653e-03 0.000000e+00)
329           	2.428563e-06	(0.000000e+00 5.462653e-03 0.000000e+00)
330           	2.375052e-06	(0.000000e+00 5.462653e-03 0.000000e+00)
331           	2.359574e-06	(0.000000e+00 5.462653e-03 0.000000e+00)
332           	2.353915e-06	(0.000000e+00 5.462653e-03 0.000000e+00)
333           	2.364571e-06	(0.000000e+00 5.462653e-03 0.000000e+00)
334           	2.347750e-06	(0.000000e+00 5.462653e-03 0.000000e+00)
335           	2.330843e-06	(0.000000e+00 5.462653e-03 0.000000e+00)
336           	2.396958e-06	(0.000000e+00 5.462653e-03 0.000000e+00)
337           	2.292113e-06	(0.000000e+00 5.462653e-03 0.000000e+00)
338           	2.358692e-06	(0.000000e+00 5.462653e-03 0.000000e+00)
339           	2.394133e-06	(0.000000e+00 5.462653e-03 0.000000e+00)
340           	2.371847e-06	(0.000000e+00 5.462653e-03 0.000000e+00)
341           	2.350732e-06	(0.000000e+00 5.462653e-03 0.000000e+00)
342           	2.342683e-06	(0.000000e+00 5.462653e-03 0.000000e+00)
343           	2.298630e-06	(0.000000e+00 5.462653e-03 0.000000e+00)
344           	2.249134e-06	(0.000000e+00 5.462653e-03 0.000000e+00)
345           	2.249241e-06	(0.000000e+00 5.462653e-03 0.000000e+00)
346           	2.222582e-06	(0.000000e+00 5.462653e-03 0.000000e+00)
347           	2.242824e-06	(0.000000e+00 5.462653e-03 0.000000e+00)
348           	2.228970e-06	(0.000000e+00 5.462653e-03 0.000000e+00)
349           	2.219670e-06	(0.000000e+00 5.462653e-03 0.000000e+00)
350           	2.330645e-06	(0.000000e+00 5.462653e-03 0.000000e+00)
351           	2.220730e-06	(0.000000e+00 5.462653e-03 0.000000e+00)
352           	2.230493e-06	(0.000000e+00 5.462653e-03 0.000000e+00)
353           	2.210607e-06	(0.000000e+00 5.462653e-03 0.000000e+00)
354           	2.204964e-06	(0.000000e+00 5.462653e-03 0.000000e+00)
355           	2.185013e-06	(0.000000e+00 5.462653e-03 0.000000e+00)
356           	2.159494e-06	(0.000000e+00 5.462653e-03 0.000000e+00)
357           	2.176305e-06	(0.000000e+00 5.462653e-03 0.000000e+00)
358           	2.172401e-06	(0.000000e+00 5.462653e-03 0.000000e+00)
359           	2.175412e-06	(0.000000e+00 5.462653e-03 0.000000e+00)
360           	2.263253e-06	(0.000000e+00 5.462653e-03 0.000000e+00)
361           	2.190529e-06	(0.000000e+00 5.462653e-03 0.000000e+00)
362           	2.194559e-06	(0.000000e+00 5.462653e-03 0.000000e+00)
363           	2.188301e-06	(0.000000e+00 5.462653e-03 0.000000e+00)
364           	2.151729e-06	(0.000000e+00 5.462653e-03 0.000000e+00)
365           	2.149132e-06	(0.000000e+00 5.462653e-03 0.000000e+00)
366           	2.150935e-06	(0.000000e+00 5.462653e-03 0.000000e+00)
367           	2.117883e-06	(0.000000e+00 5.462653e-03 0.000000e+00)
368           	2.147017e-06	(0.000000e+00 5.462653e-03 0.000000e+00)
369           	2.169707e-06	(0.000000e+00 5.462653e-03 0.000000e+00)
370           	2.151654e-06	(0.000000e+00 5.462653e-03 0.000000e+00)
371           	2.142961e-06	(0.000000e+00 5.462653e-03 0.000000e+00)
372           	2.123047e-06	(0.000000e+00 5.462653e-03 0.000000e+00)
373           	2.093209e-06	(0.000000e+00 5.462653e-03 0.000000e+00)
374           	2.051206e-06	(0.000000e+00 5.462653e-03 0.000000e+00)
375           	2.045379e-06	(0.000000e+00 5.462653e-03 0.000000e+00)
376           	2.039962e-06	(0.000000e+00 5.462653e-03 0.000000e+00)
377           	2.040709e-06	(0.000000e+00 5.462653e-03 0.000000e+00)
378           	2.047825e-06	(0.000000e+00 5.462653e-03 0.000000e+00)
379           	2.028337e-06	(0.000000e+00 5.462653e-03 0.000000e+00)
380           	2.012125e-06	(0.000000e+00 5.462653e-03 0.000000e+00)
381           	2.057823e-06	(0.000000e+00 5.462653e-03 0.000000e+00)
382           	2.023782e-06	(0.000000e+00 5.462653e-03 0.000000e+00)
383           	2.043141e-06	(0.000000e+00 5.462653e-03 0.000000e+00)
384           	2.041802e-06	(0.000000e+00 5.462653e-03 0.000000e+00)
385           	2.024754e-06	(0.000000e+00 5.462653e-03 0.000000e+00)
386           	2.026911e-06	(0.000000e+00 5.462653e-03 0.000000e+00)
387           	2.033275e-06	(0.000000e+00 5.462653e-03 0.000000e+00)
388           	2.014050e-06	(0.000000e+00 5.462653e-03 0.000000e+00)
389           	2.068390e-06	(0.000000e+00 5.462653e-03 0.000000e+00)
390           	2.016361e-06	(0.000000e+00 5.462653e-03 0.000000e+00)
391           	2.013971e-06	(0.000000e+00 5.462653e-03 0.000000e+00)
392           	2.036043e-06	(0.000000e+00 5.462653e-03 0.000000e+00)
393           	1.989334e-06	(0.000000e+00 5.462653e-03 0.000000e+00)
394           	2.015117e-06	(0.000000e+00 5.462653e-03 0.000000e+00)
395           	2.078268e-06	(0.000000e+00 5.462653e-03 0.000000e+00)
396           	2.021487e-06	(0.000000e+00 5.462653e-03 0.000000e+00)
397           	2.012708e-06	(0.000000e+00 5.462653e-03 0.000000e+00)
398           	1.992724e-06	(0.000000e+00 5.462653e-03 0.000000e+00)
399           	1.982971e-06	(0.000000e+00 5.462653e-03 0.000000e+00)
400           	1.972790e-06	(0.000000e+00 5.462653e-03 0.000000e+00)
401           	1.952316e-06	(0.000000e+00 5.462653e-03 0.000000e+00)
402           	1.936522e-06	(0.000000e+00 5.462653e-03 0.000000e+00)
403           	2.001331e-06	(0.000000e+00 5.462653e-03 0.000000e+00)
404           	1.922691e-06	(0.000000e+00 5.462653e-03 0.000000e+00)
405           	1.942187e-06	(0.000000e+00 5.462653e-03 0.000000e+00)
406           	1.928712e-06	(0.000000e+00 5.462653e-03 0.000000e+00)
407           	1.924169e-06	(0.000000e+00 5.462653e-03 0.000000e+00)
408           	1.925917e-06	(0.000000e+00 5.462653e-03 0.000000e+00)
409           	1.928338e-06	(0.000000e+00 5.462653e-03 0.000000e+00)
410           	1.923903e-06	(0.000000e+00 5.462653e-03 0.000000e+00)
411           	1.983157e-06	(0.000000e+00 5.462653e-03 0.000000e+00)
412           	1.918929e-06	(0.000000e+00 5.462653e-03 0.000000e+00)
413           	1.919344e-06	(0.000000e+00 5.462653e-03 0.000000e+00)
414           	1.928416e-06	(0.000000e+00 5.462653e-03 0.000000e+00)
415           	1.897957e-06	(0.000000e+00 5.462653e-03 0.000000e+00)
416           	1.899709e-06	(0.000000e+00 5.462653e-03 0.000000e+00)
417           	1.908843e-06	(0.000000e+00 5.462653e-03 0.000000e+00)
418           	1.974656e-06	(0.000000e+00 5.462653e-03 0.000000e+00)
419           	1.931685e-06	(0.000000e+00 5.462653e-03 0.000000e+00)
420           	1.947464e-06	(0.000000e+00 5.462653e-03 0.000000e+00)
421           	1.861497e-06	(0.000000e+00 5.462653e-03 0.000000e+00)
422           	1.950783e-06	(0.000000e+00 5.462653e-03 0.000000e+00)
423           	1.944680e-06	(0.000000e+00 5.462653e-03 0.000000e+00)
424           	1.927107e-06	(0.000000e+00 5.462653e-03 0.000000e+00)
425           	1.695742e-06	(0.000000e+00 5.462653e-03 0.000000e+00)
426           	1.213430e-06	(0.000000e+00 5.462653e-03 0.000000e+00)
427           	1.205533e-06	(0.000000e+00 5.462653e-03 0.000000e+00)
428           	1.497245e-06	(0.000000e+00 5.462653e-03 0.000000e+00)
429           	1.719118e-06	(0.000000e+00 5.462653e-03 0.000000e+00)
430           	1.875695e-06	(0.000000e+00 5.462653e-03 0.000000e+00)
431           	1.885309e-06	(0.000000e+00 5.462653e-03 0.000000e+00)
432           	1.885571e-06	(0.000000e+00 5.462653e-03 0.000000e+00)
433           	2.023238e-06	(0.000000e+00 5.462653e-03 0.000000e+00)
434           	1.873416e-06	(0.000000e+00 5.462653e-03 0.000000e+00)
435           	1.891916e-06	(0.000000e+00 5.462653e-03 0.000000e+00)
436           	1.847963e-06	(0.000000e+00 5.462653e-03 0.000000e+00)
437           	1.849783e-06	(0.000000e+00 5.462653e-03 0.000000e+00)
438           	1.858875e-06	(0.000000e+00 5.462653e-03 0.000000e+00)
439           	1.857761e-06	(0.000000e+00 5.462653e-03 0.000000e+00)
440           	1.866585e-06	(0.000000e+00 5.462653e-03 0.000000e+00)
441           	1.859991e-06	(0.000000e+00 5.462653e-03 0.000000e+00)
442           	1.949165e-06	(0.000000e+00 5.462653e-03 0.000000e+00)
443           	1.891252e-06	(0.000000e+00 5.462653e-03 0.000000e+00)
444           	1.905958e-06	(0.000000e+00 5.462653e-03 0.000000e+00)
445           	1.880382e-06	(0.000000e+00 5.462653e-03 0.000000e+00)
446           	1.890426e-06	(0.000000e+00 5.462653e-03 0.000000e+00)
447           	1.885252e-06	(0.000000e+00 5.462653e-03 0.000000e+00)
448           	2.040405e-06	(0.000000e+00 5.462653e-03 0.000000e+00)
449           	1.890513e-06	(0.000000e+00 5.462653e-03 0.000000e+00)
450           	1.886498e-06	(0.000000e+00 5.462653e-03 0.000000e+00)
451           	1.841758e-06	(0.000000e+00 5.462653e-03 0.000000e+00)
452           	1.849170e-06	(0.000000e+00 5.462653e-03 0.000000e+00)
453           	1.833880e-06	(0.000000e+00 5.462653e-03 0.000000e+00)
454           	1.817810e-06	(0.000000e+00 5.462653e-03 0.000000e+00)
455           	1.814047e-06	(0.000000e+00 5.462653e-03 0.000000e+00)
456           	1.803192e-06	(0.000000e+00 5.462653e-03 0.000000e+00)
457           	1.801331e-06	(0.000000e+00 5.462653e-03 0.000000e+00)
458           	1.815620e-06	(0.000000e+00 5.462653e-03 0.000000e+00)
459           	1.814911e-06	(0.000000e+00 5.462653e-03 0.000000e+00)
460           	1.801032e-06	(0.000000e+00 5.462653e-03 0.000000e+00)
461           	1.801687e-06	(0.000000e+00 5.462653e-03 0.000000e+00)
462           	1.833538e-06	(0.000000e+00 5.462653e-03 0.000000e+00)
463           	1.804912e-06	(0.000000e+00 5.462653e-03 0.000000e+00)
464           	1.831195e-06	(0.000000e+00 5.462653e-03 0.000000e+00)
465           	1.959513e-06	(0.000000e+00 5.462653e-03 0.000000e+00)
466           	1.852598e-06	(0.000000e+00 5.462653e-03 0.000000e+00)
467           	1.898509e-06	(0.000000e+00 5.462653e-03 0.000000e+00)
468           	1.866168e-06	(0.000000e+00 5.462653e-03 0.000000e+00)
469           	1.833698e-06	(0.000000e+00 5.462653e-03 0.000000e+00)
470           	1.839170e-06	(0.000000e+00 5.462653e-03 0.000000e+00)
471           	1.823465e-06	(0.000000e+00 5.462653e-03 0.000000e+00)
472           	1.800162e-06	(0.000000e+00 5.462653e-03 0.000000e+00)
473           	1.801478e-06	(0.000000e+00 5.462653e-03 0.000000e+00)
474           	1.783887e-06	(0.000000e+00 5.462653e-03 0.000000e+00)
475           	1.834309e-06	(0.000000e+00 5.462653e-03 0.000000e+00)
476           	1.795646e-06	(0.000000e+00 5.462653e-03 0.000000e+00)
477           	1.802885e-06	(0.000000e+00 5.462653e-03 0.000000e+00)
478           	1.783796e-06	(0.000000e+00 5.462653e-03 0.000000e+00)
479           	1.784046e-06	(0.000000e+00 5.462653e-03 0.000000e+00)
480           	1.965617e-06	(0.000000e+00 5.462653e-03 0.000000e+00)
481           	1.835376e-06	(0.000000e+00 5.462653e-03 0.000000e+00)
482           	1.865155e-06	(0.000000e+00 5.462653e-03 0.000000e+00)
483           	1.797706e-06	(0.000000e+00 5.462653e-03 0.000000e+00)
484           	1.781759e-06	(0.000000e+00 5.462653e-03 0.000000e+00)
485           	1.773006e-06	(0.000000e+00 5.462653e-03 0.000000e+00)
486           	1.754295e-06	(0.000000e+00 5.462653e-03 0.000000e+00)
487           	1.776128e-06	(0.000000e+00 5.462653e-03 0.000000e+00)
488           	1.790320e-06	(0.000000e+00 5.462653e-03 0.000000e+00)
489           	1.781376e-06	(0.000000e+00 5.462653e-03 0.000000e+00)
490           	1.787707e-06	(0.000000e+00 5.462653e-03 0.000000e+00)
491           	1.798092e-06	(0.000000e+00 5.462653e-03 0.000000e+00)
492           	1.790989e-06	(0.000000e+00 5.462653e-03 0.000000e+00)
493           	1.846015e-06	(0.000000e+00 5.462653e-03 0.000000e+00)
494           	1.802509e-06	(0.000000e+00 5.462653e-03 0.000000e+00)
495           	1.811910e-06	(0.000000e+00 5.462653e-03 0.000000e+00)
496           	1.793445e-06	(0.000000e+00 5.462653e-03 0.000000e+00)
497           	1.795273e-06	(0.000000e+00 5.462653e-03 0.000000e+00)
498           	1.970518e-06	(0.000000e+00 5.462653e-03 0.000000e+00)
499           	1.829326e-06	(0.000000e+00 5.462653e-03 0.000000e+00)
500           	1.847648e-06	(0.000000e+00 5.462653e-03 0.000000e+00)
501           	1.759219e-06	(0.000000e+00 5.462653e-03 0.000000e+00)
502           	1.742299e-06	(0.000000e+00 5.462653e-03 0.000000e+00)
503           	1.755285e-06	(0.000000e+00 5.462653e-03 0.000000e+00)
504           	1.752454e-06	(0.000000e+00 5.462653e-03 0.000000e+00)
505           	1.745276e-06	(0.000000e+00 5.462653e-03 0.000000e+00)
506           	1.762683e-06	(0.000000e+00 5.462653e-03 0.000000e+00)
507           	1.742489e-06	(0.000000e+00 5.462653e-03 0.000000e+00)
508           	1.735671e-06	(0.000000e+00 5.462653e-03 0.000000e+00)
509           	1.763658e-06	(0.000000e+00 5.462653e-03 0.000000e+00)
510           	1.787271e-06	(0.000000e+00 5.462653e-03 0.000000e+00)
511           	1.754619e-06	(0.000000e+00 5.462653e-03 0.000000e+00)
512           	1.773330e-06	(0.000000e+00 5.462653e-03 0.000000e+00)
513           	1.751178e-06	(0.000000e+00 5.462653e-03 0.000000e+00)
514           	1.749522e-06	(0.000000e+00 5.462653e-03 0.000000e+00)
515           	1.780272e-06	(0.000000e+00 5.462653e-03 0.000000e+00)
516           	1.783243e-06	(0.000000e+00 5.462653e-03 0.000000e+00)
517           	1.779537e-06	(0.000000e+00 5.462653e-03 0.000000e+00)
518           	1.797796e-06	(0.000000e+00 5.462653e-03 0.000000e+00)
519           	1.780440e-06	(0.000000e+00 5.462653e-03 0.000000e+00)
520           	1.767822e-06	(0.000000e+00 5.462653e-03 0.000000e+00)
521           	1.795916e-06	(0.000000e+00 5.462653e-03 0.000000e+00)
522           	1.790370e-06	(0.000000e+00 5.462653e-03 0.000000e+00)
523           	1.784750e-06	(0.000000e+00 5.462653e-03 0.000000e+00)
524           	1.807467e-06	(0.000000e+00 5.462653e-03 0.000000e+00)
525           	1.765402e-06	(0.000000e+00 5.462653e-03 0.000000e+00)
526           	1.770842e-06	(0.000000e+00 5.462653e-03 0.000000e+00)
527           	1.800483e-06	(0.000000e+00 5.462653e-03 0.000000e+00)
528           	1.781983e-06	(0.000000e+00 5.462653e-03 0.000000e+00)
529           	1.818041e-06	(0.000000e+00 5.462653e-03 0.000000e+00)
530           	1.804271e-06	(0.000000e+00 5.462653e-03 0.000000e+00)
531           	1.773322e-06	(0.000000e+00 5.462653e-03 0.000000e+00)
532           	1.784965e-06	(0.000000e+00 5.462653e-03 0.000000e+00)
533           	1.778988e-06	(0.000000e+00 5.462653e-03 0.000000e+00)
534           	1.784139e-06	(0.000000e+00 5.462653e-03 0.000000e+00)
535           	1.756619e-06	(0.000000e+00 5.462653e-03 0.000000e+00)
536           	1.782633e-06	(0.000000e+00 5.462653e-03 0.000000e+00)
537           	1.769941e-06	(0.000000e+00 5.462653e-03 0.000000e+00)
538           	1.765445e-06	(0.000000e+00 5.462653e-03 0.000000e+00)
539           	1.777031e-06	(0.000000e+00 5.462653e-03 0.000000e+00)
540           	1.822334e-06	(0.000000e+00 5.462653e-03 0.000000e+00)
541           	1.750189e-06	(0.000000e+00 5.462653e-03 0.000000e+00)
542           	1.778686e-06	(0.000000e+00 5.462653e-03 0.000000e+00)
543           	1.770226e-06	(0.000000e+00 5.462653e-03 0.000000e+00)
544           	1.753740e-06	(0.000000e+00 5.462653e-03 0.000000e+00)
545           	1.781104e-06	(0.000000e+00 5.462653e-03 0.000000e+00)
546           	1.760008e-06	(0.000000e+00 5.462653e-03 0.000000e+00)
547           	1.822084e-06	(0.000000e+00 5.462653e-03 0.000000e+00)
548           	1.762044e-06	(0.000000e+00 5.462653e-03 0.000000e+00)
549           	1.797513e-06	(0.000000e+00 5.462653e-03 0.000000e+00)
550           	1.783892e-06	(0.000000e+00 5.462653e-03 0.000000e+00)
551           	1.766799e-06	(0.000000e+00 5.462653e-03 0.000000e+00)
552           	1.825119e-06	(0.000000e+00 5.462653e-03 0.000000e+00)
553           	1.799254e-06	(0.000000e+00 5.462653e-03 0.000000e+00)
554           	1.809643e-06	(0.000000e+00 5.462653e-03 0.000000e+00)
555           	1.620897e-06	(0.000000e+00 5.462653e-03 0.000000e+00)
556           	1.053905e-06	(0.000000e+00 5.462653e-03 0.000000e+00)
557           	1.096935e-06	(0.000000e+00 5.462653e-03 0.000000e+00)
558           	1.418583e-06	(0.000000e+00 5.462653e-03 0.000000e+00)
559           	1.621594e-06	(0.000000e+00 5.462653e-03 0.000000e+00)
560           	1.757427e-06	(0.000000e+00 5.462653e-03 0.000000e+00)
561           	1.767457e-06	(0.000000e+00 5.462653e-03 0.000000e+00)
562           	1.765057e-06	(0.000000e+00 5.462653e-03 0.000000e+00)
563           	1.778986e-06	(0.000000e+00 5.462653e-03 0.000000e+00)
564           	1.762782e-06	(0.000000e+00 5.462653e-03 0.000000e+00)
565           	1.747847e-06	(0.000000e+00 5.462653e-03 0.000000e+00)
566           	1.768499e-06	(0.000000e+00 5.462653e-03 0.000000e+00)
567           	1.747002e-06	(0.000000e+00 5.462653e-03 0.000000e+00)
568           	1.756593e-06	(0.000000e+00 5.462653e-03 0.000000e+00)
569           	1.770386e-06	(0.000000e+00 5.462653e-03 0.000000e+00)
570           	1.766486e-06	(0.000000e+00 5.462653e-03 0.000000e+00)
571           	1.850585e-06	(0.000000e+00 5.462653e-03 0.000000e+00)
572           	1.788476e-06	(0.000000e+00 5.462653e-03 0.000000e+00)
573           	1.769188e-06	(0.000000e+00 5.462653e-03 0.000000e+00)
574           	1.741417e-06	(0.000000e+00 5.462653e-03 0.000000e+00)
575           	1.772400e-06	(0.000000e+00 5.462653e-03 0.000000e+00)
576           	1.765204e-06	(0.000000e+00 5.462653e-03 0.000000e+00)
577           	1.753294e-06	(0.000000e+00 5.462653e-03 0.000000e+00)
578           	1.770596e-06	(0.000000e+00 5.462653e-03 0.000000e+00)
579           	1.738871e-06	(0.000000e+00 5.462653e-03 0.000000e+00)
580           	1.773893e-06	(0.000000e+00 5.462653e-03 0.000000e+00)
581           	1.758631e-06	(0.000000e+00 5.462653e-03 0.000000e+00)
582           	1.758112e-06	(0.000000e+00 5.462653e-03 0.000000e+00)
583           	1.753142e-06	(0.000000e+00 5.462653e-03 0.000000e+00)
584           	1.768072e-06	(0.000000e+00 5.462653e-03 0.000000e+00)
585           	1.755799e-06	(0.000000e+00 5.462653e-03 0.000000e+00)
586           	1.741381e-06	(0.000000e+00 5.462653e-03 0.000000e+00)
587           	1.754181e-06	(0.000000e+00 5.462653e-03 0.000000e+00)
588           	1.743536e-06	(0.000000e+00 5.462653e-03 0.000000e+00)
589           	1.733757e-06	(0.000000e+00 5.462653e-03 0.000000e+00)
590           	1.775948e-06	(0.000000e+00 5.462653e-03 0.000000e+00)
591           	1.735967e-06	(0.000000e+00 5.462653e-03 0.000000e+00)
592           	1.725966e-06	(0.000000e+00 5.462653e-03 0.000000e+00)
593           	1.840384e-06	(0.000000e+00 5.462653e-03 0.000000e+00)
594           	1.755690e-06	(0.000000e+00 5.462653e-03 0.000000e+00)
595           	1.753621e-06	(0.000000e+00 5.462653e-03 0.000000e+00)
596           	1.750687e-06	(0.000000e+00 5.462653e-03 0.000000e+00)
597           	1.722365e-06	(0.000000e+00 5.462653e-03 0.000000e+00)
598           	1.705319e-06	(0.000000e+00 5.462653e-03 0.000000e+00)
599           	1.736568e-06	(0.000000e+00 5.462653e-03 0.000000e+00)
600           	1.726664e-06	(0.000000e+00 5.462653e-03 0.000000e+00)
601           	1.718010e-06	(0.000000e+00 5.462653e-03 0.000000e+00)
602           	1.748039e-06	(0.000000e+00 5.462653e-03 0.000000e+00)
603           	1.745220e-06	(0.000000e+00 5.462653e-03 0.000000e+00)
604           	1.716789e-06	(0.000000e+00 5.462653e-03 0.000000e+00)
605           	1.769925e-06	(0.000000e+00 5.462653e-03 0.000000e+00)
606           	1.928491e-06	(0.000000e+00 5.462653e-03 0.000000e+00)
607           	1.791406e-06	(0.000000e+00 5.462653e-03 0.000000e+00)
608           	1.805643e-06	(0.000000e+00 5.462653e-03 0.000000e+00)
609           	1.716553e-06	(0.000000e+00 5.462653e-03 0.000000e+00)
610           	1.687596e-06	(0.000000e+00 5.462653e-03 0.000000e+00)
611           	1.712941e-06	(0.000000e+00 5.462653e-03 0.000000e+00)
612           	1.703969e-06	(0.000000e+00 5.462653e-03 0.000000e+00)
