# Selection   : patch(inlet)
# Faces       : 46
# Area        : 1.446005e-02
# Time        	areaAverage(p)	areaAverage(U)
0             	0.000000e+00	(0.000000e+00 2.000000e-03 0.000000e+00)
0.05          	7.305206e-03	(0.000000e+00 1.471111e-03 0.000000e+00)
0.1           	-3.523239e-04	(0.000000e+00 1.471111e-03 0.000000e+00)
0.15          	-8.556197e-05	(0.000000e+00 1.471111e-03 0.000000e+00)
0.2           	-2.388163e-05	(0.000000e+00 1.471111e-03 0.000000e+00)
0.25          	-6.369955e-07	(0.000000e+00 1.471111e-03 0.000000e+00)
0.3           	1.006743e-05	(0.000000e+00 1.471111e-03 0.000000e+00)
0.35          	1.473635e-05	(0.000000e+00 1.471111e-03 0.000000e+00)
0.4           	1.655160e-05	(0.000000e+00 1.471111e-03 0.000000e+00)
0.45          	1.694185e-05	(0.000000e+00 1.471111e-03 0.000000e+00)
0.5           	1.662481e-05	(0.000000e+00 1.471111e-03 0.000000e+00)
0.55          	1.597398e-05	(0.000000e+00 1.471111e-03 0.000000e+00)
0.6           	1.519501e-05	(0.000000e+00 1.471111e-03 0.000000e+00)
0.65          	1.439590e-05	(0.000000e+00 1.471111e-03 0.000000e+00)
0.7           	1.362975e-05	(0.000000e+00 1.471111e-03 0.000000e+00)
0.75          	1.291836e-05	(0.000000e+00 1.471111e-03 0.000000e+00)
0.8           	1.226578e-05	(0.000000e+00 1.471111e-03 0.000000e+00)
0.85          	1.168114e-05	(0.000000e+00 1.471111e-03 0.000000e+00)
0.9           	1.115715e-05	(0.000000e+00 1.471111e-03 0.000000e+00)
0.95          	1.068527e-05	(0.000000e+00 1.471111e-03 0.000000e+00)
1             	1.025485e-05	(0.000000e+00 1.471111e-03 0.000000e+00)
1.05          	9.887152e-06	(0.000000e+00 1.471111e-03 0.000000e+00)
1.1           	9.554966e-06	(0.000000e+00 1.471111e-03 0.000000e+00)
1.15          	9.255919e-06	(0.000000e+00 1.471111e-03 0.000000e+00)
1.2           	8.986377e-06	(0.000000e+00 1.471111e-03 0.000000e+00)
1.25          	8.742419e-06	(0.000000e+00 1.471111e-03 0.000000e+00)
1.3           	8.520626e-06	(0.000000e+00 1.471111e-03 0.000000e+00)
1.35          	8.319451e-06	(0.000000e+00 1.471111e-03 0.000000e+00)
1.4           	8.135443e-06	(0.000000e+00 1.471111e-03 0.000000e+00)
1.45          	7.966283e-06	(0.000000e+00 1.471111e-03 0.000000e+00)
1.5           	7.811197e-06	(0.000000e+00 1.471111e-03 0.000000e+00)
1.55          	7.668874e-06	(0.000000e+00 1.471111e-03 0.000000e+00)
1.6           	7.537195e-06	(0.000000e+00 1.471111e-03 0.000000e+00)
1.65          	7.413946e-06	(0.000000e+00 1.471111e-03 0.000000e+00)
1.7           	7.300856e-06	(0.000000e+00 1.471111e-03 0.000000e+00)
1.75          	7.195135e-06	(0.000000e+00 1.471111e-03 0.000000e+00)
1.8           	7.096847e-06	(0.000000e+00 1.471111e-03 0.000000e+00)
1.85          	7.004937e-06	(0.000000e+00 1.471111e-03 0.000000e+00)
1.9           	6.918310e-06	(0.000000e+00 1.471111e-03 0.000000e+00)
1.95          	6.835646e-06	(0.000000e+00 1.471111e-03 0.000000e+00)
2             	6.757988e-06	(0.000000e+00 1.471111e-03 0.000000e+00)
2.05          	6.684709e-06	(0.000000e+00 1.471111e-03 0.000000e+00)
2.1           	6.614970e-06	(0.000000e+00 1.471111e-03 0.000000e+00)
2.15          	6.548647e-06	(0.000000e+00 1.471111e-03 0.000000e+00)
2.2           	6.485645e-06	(0.000000e+00 1.471111e-03 0.000000e+00)
2.25          	6.425481e-06	(0.000000e+00 1.471111e-03 0.000000e+00)
2.3           	6.369268e-06	(0.000000e+00 1.471111e-03 0.000000e+00)
2.35          	6.312399e-06	(0.000000e+00 1.471111e-03 0.000000e+00)
2.4           	6.259285e-06	(0.000000e+00 1.471111e-03 0.000000e+00)
2.45          	6.207936e-06	(0.000000e+00 1.471111e-03 0.000000e+00)
2.5           	6.158591e-06	(0.000000e+00 1.471111e-03 0.000000e+00)
2.55          	6.111457e-06	(0.000000e+00 1.471111e-03 0.000000e+00)
2.6           	6.065608e-06	(0.000000e+00 1.471111e-03 0.000000e+00)
2.65          	6.021231e-06	(0.000000e+00 1.471111e-03 0.000000e+00)
2.7           	5.978270e-06	(0.000000e+00 1.471111e-03 0.000000e+00)
2.75          	5.936574e-06	(0.000000e+00 1.471111e-03 0.000000e+00)
2.8           	5.896047e-06	(0.000000e+00 1.471111e-03 0.000000e+00)
2.85          	5.856599e-06	(0.000000e+00 1.471111e-03 0.000000e+00)
2.9           	5.818150e-06	(0.000000e+00 1.471111e-03 0.000000e+00)
2.95          	5.780618e-06	(0.000000e+00 1.471111e-03 0.000000e+00)
3             	5.743852e-06	(0.000000e+00 1.471111e-03 0.000000e+00)
3.05          	5.708564e-06	(0.000000e+00 1.471111e-03 0.000000e+00)
3.1           	5.674177e-06	(0.000000e+00 1.471111e-03 0.000000e+00)
3.15          	5.640106e-06	(0.000000e+00 1.471111e-03 0.000000e+00)
3.2           	5.606541e-06	(0.000000e+00 1.471111e-03 0.000000e+00)
3.25          	5.573719e-06	(0.000000e+00 1.471111e-03 0.000000e+00)
3.3           	5.541575e-06	(0.000000e+00 1.471111e-03 0.000000e+00)
3.35          	5.510070e-06	(0.000000e+00 1.471111e-03 0.000000e+00)
3.4           	5.479215e-06	(0.000000e+00 1.471111e-03 0.000000e+00)
3.45          	5.448996e-06	(0.000000e+00 1.471111e-03 0.000000e+00)
3.5           	5.419195e-06	(0.000000e+00 1.471111e-03 0.000000e+00)
3.55          	5.389384e-06	(0.000000e+00 1.471111e-03 0.000000e+00)
3.6           	5.359862e-06	(0.000000e+00 1.471111e-03 0.000000e+00)
3.65          	5.330932e-06	(0.000000e+00 1.471111e-03 0.000000e+00)
3.7           	5.302707e-06	(0.000000e+00 1.471111e-03 0.000000e+00)
3.75          	5.274710e-06	(0.000000e+00 1.471111e-03 0.000000e+00)
3.8           	5.247066e-06	(0.000000e+00 1.471111e-03 0.000000e+00)
3.85          	5.219410e-06	(0.000000e+00 1.471111e-03 0.000000e+00)
3.9           	5.192069e-06	(0.000000e+00 1.471111e-03 0.000000e+00)
3.95          	5.166848e-06	(0.000000e+00 1.471111e-03 0.000000e+00)
4             	5.140359e-06	(0.000000e+00 1.471111e-03 0.000000e+00)
4.05          	5.114222e-06	(0.000000e+00 1.471111e-03 0.000000e+00)
4.1           	5.087634e-06	(0.000000e+00 1.471111e-03 0.000000e+00)
4.15          	5.061935e-06	(0.000000e+00 1.471111e-03 0.000000e+00)
4.2           	5.036246e-06	(0.000000e+00 1.471111e-03 0.000000e+00)
4.25          	5.011490e-06	(0.000000e+00 1.471111e-03 0.000000e+00)
4.3           	4.986917e-06	(0.000000e+00 1.471111e-03 0.000000e+00)
4.35          	4.962658e-06	(0.000000e+00 1.471111e-03 0.000000e+00)
4.4           	4.937947e-06	(0.000000e+00 1.471111e-03 0.000000e+00)
4.45          	4.914190e-06	(0.000000e+00 1.471111e-03 0.000000e+00)
4.5           	4.890264e-06	(0.000000e+00 1.471111e-03 0.000000e+00)
4.55          	4.866893e-06	(0.000000e+00 1.471111e-03 0.000000e+00)
4.6           	4.843390e-06	(0.000000e+00 1.471111e-03 0.000000e+00)
4.65          	4.819848e-06	(0.000000e+00 1.471111e-03 0.000000e+00)
4.7           	4.796792e-06	(0.000000e+00 1.471111e-03 0.000000e+00)
4.75          	4.773812e-06	(0.000000e+00 1.471111e-03 0.000000e+00)
4.8           	4.751008e-06	(0.000000e+00 1.471111e-03 0.000000e+00)
4.85          	4.728375e-06	(0.000000e+00 1.471111e-03 0.000000e+00)
4.9           	4.705921e-06	(0.000000e+00 1.471111e-03 0.000000e+00)
4.95          	4.683656e-06	(0.000000e+00 1.471111e-03 0.000000e+00)
5             	4.661681e-06	(0.000000e+00 1.471111e-03 0.000000e+00)
5.05          	4.639193e-06	(0.000000e+00 1.471111e-03 0.000000e+00)
5.1           	4.617023e-06	(0.000000e+00 1.471111e-03 0.000000e+00)
5.15          	4.595337e-06	(0.000000e+00 1.471111e-03 0.000000e+00)
5.2           	4.574154e-06	(0.000000e+00 1.471111e-03 0.000000e+00)
5.25          	4.552762e-06	(0.000000e+00 1.471111e-03 0.000000e+00)
5.3           	4.531489e-06	(0.000000e+00 1.471111e-03 0.000000e+00)
5.35          	4.510313e-06	(0.000000e+00 1.471111e-03 0.000000e+00)
5.4           	4.489385e-06	(0.000000e+00 1.471111e-03 0.000000e+00)
5.45          	4.468565e-06	(0.000000e+00 1.471111e-03 0.000000e+00)
5.5           	4.447715e-06	(0.000000e+00 1.471111e-03 0.000000e+00)
5.55          	4.427042e-06	(0.000000e+00 1.471111e-03 0.000000e+00)
5.6           	4.406423e-06	(0.000000e+00 1.471111e-03 0.000000e+00)
5.65          	4.385898e-06	(0.000000e+00 1.471111e-03 0.000000e+00)
5.7           	4.365446e-06	(0.000000e+00 1.471111e-03 0.000000e+00)
5.75          	4.345199e-06	(0.000000e+00 1.471111e-03 0.000000e+00)
5.8           	4.325109e-06	(0.000000e+00 1.471111e-03 0.000000e+00)
5.85          	4.305110e-06	(0.000000e+00 1.471111e-03 0.000000e+00)
5.9           	4.285087e-06	(0.000000e+00 1.471111e-03 0.000000e+00)
5.95          	4.265157e-06	(0.000000e+00 1.471111e-03 0.000000e+00)
6             	4.245331e-06	(0.000000e+00 1.471111e-03 0.000000e+00)
6.05          	4.225605e-06	(0.000000e+00 1.471111e-03 0.000000e+00)
6.1           	4.205982e-06	(0.000000e+00 1.471111e-03 0.000000e+00)
6.15          	4.186438e-06	(0.000000e+00 1.471111e-03 0.000000e+00)
6.2           	4.166988e-06	(0.000000e+00 1.471111e-03 0.000000e+00)
6.25          	4.147657e-06	(0.000000e+00 1.471111e-03 0.000000e+00)
6.3           	4.128552e-06	(0.000000e+00 1.471111e-03 0.000000e+00)
6.35          	4.109382e-06	(0.000000e+00 1.471111e-03 0.000000e+00)
6.4           	4.090361e-06	(0.000000e+00 1.471111e-03 0.000000e+00)
6.45          	4.071276e-06	(0.000000e+00 1.471111e-03 0.000000e+00)
6.5           	4.052086e-06	(0.000000e+00 1.471111e-03 0.000000e+00)
6.55          	4.033042e-06	(0.000000e+00 1.471111e-03 0.000000e+00)
6.6           	4.014121e-06	(0.000000e+00 1.471111e-03 0.000000e+00)
6.65          	3.995297e-06	(0.000000e+00 1.471111e-03 0.000000e+00)
6.7           	3.976166e-06	(0.000000e+00 1.471111e-03 0.000000e+00)
6.75          	3.957542e-06	(0.000000e+00 1.471111e-03 0.000000e+00)
6.8           	3.938898e-06	(0.000000e+00 1.471111e-03 0.000000e+00)
6.85          	3.920367e-06	(0.000000e+00 1.471111e-03 0.000000e+00)
6.9           	3.901933e-06	(0.000000e+00 1.471111e-03 0.000000e+00)
6.95          	3.883595e-06	(0.000000e+00 1.471111e-03 0.000000e+00)
7             	3.865345e-06	(0.000000e+00 1.471111e-03 0.000000e+00)
7.05          	3.847159e-06	(0.000000e+00 1.471111e-03 0.000000e+00)
7.1           	3.829025e-06	(0.000000e+00 1.471111e-03 0.000000e+00)
7.15          	3.810986e-06	(0.000000e+00 1.471111e-03 0.000000e+00)
7.2           	3.793034e-06	(0.000000e+00 1.471111e-03 0.000000e+00)
7.25          	3.775154e-06	(0.000000e+00 1.471111e-03 0.000000e+00)
7.3           	3.757343e-06	(0.000000e+00 1.471111e-03 0.000000e+00)
7.35          	3.739597e-06	(0.000000e+00 1.471111e-03 0.000000e+00)
7.4           	3.721936e-06	(0.000000e+00 1.471111e-03 0.000000e+00)
7.45          	3.704343e-06	(0.000000e+00 1.471111e-03 0.000000e+00)
7.5           	3.686793e-06	(0.000000e+00 1.471111e-03 0.000000e+00)
7.55          	3.669267e-06	(0.000000e+00 1.471111e-03 0.000000e+00)
7.6           	3.651802e-06	(0.000000e+00 1.471111e-03 0.000000e+00)
7.65          	3.634513e-06	(0.000000e+00 1.471111e-03 0.000000e+00)
7.7           	3.617330e-06	(0.000000e+00 1.471111e-03 0.000000e+00)
7.75          	3.600197e-06	(0.000000e+00 1.471111e-03 0.000000e+00)
7.8           	3.583068e-06	(0.000000e+00 1.471111e-03 0.000000e+00)
7.85          	3.565872e-06	(0.000000e+00 1.471111e-03 0.000000e+00)
7.9           	3.548792e-06	(0.000000e+00 1.471111e-03 0.000000e+00)
7.95          	3.531731e-06	(0.000000e+00 1.471111e-03 0.000000e+00)
8             	3.514843e-06	(0.000000e+00 1.471111e-03 0.000000e+00)
8.05          	3.497956e-06	(0.000000e+00 1.471111e-03 0.000000e+00)
8.1           	3.481288e-06	(0.000000e+00 1.471111e-03 0.000000e+00)
8.15          	3.464651e-06	(0.000000e+00 1.471111e-03 0.000000e+00)
8.2           	3.448056e-06	(0.000000e+00 1.471111e-03 0.000000e+00)
8.25          	3.431455e-06	(0.000000e+00 1.471111e-03 0.000000e+00)
8.3           	3.414908e-06	(0.000000e+00 1.471111e-03 0.000000e+00)
8.35          	3.398417e-06	(0.000000e+00 1.471111e-03 0.000000e+00)
8.4           	3.381978e-06	(0.000000e+00 1.471111e-03 0.000000e+00)
8.45          	3.365613e-06	(0.000000e+00 1.471111e-03 0.000000e+00)
8.5           	3.349201e-06	(0.000000e+00 1.471111e-03 0.000000e+00)
8.55          	3.333177e-06	(0.000000e+00 1.471111e-03 0.000000e+00)
8.6           	3.317041e-06	(0.000000e+00 1.471111e-03 0.000000e+00)
8.65          	3.300892e-06	(0.000000e+00 1.471111e-03 0.000000e+00)
8.7           	3.284784e-06	(0.000000e+00 1.471111e-03 0.000000e+00)
8.75          	3.268797e-06	(0.000000e+00 1.471111e-03 0.000000e+00)
8.8           	3.252800e-06	(0.000000e+00 1.471111e-03 0.000000e+00)
8.85          	3.236855e-06	(0.000000e+00 1.471111e-03 0.000000e+00)
8.9           	3.221035e-06	(0.000000e+00 1.471111e-03 0.000000e+00)
8.95          	3.205276e-06	(0.000000e+00 1.471111e-03 0.000000e+00)
9             	3.189565e-06	(0.000000e+00 1.471111e-03 0.000000e+00)
9.05          	3.173920e-06	(0.000000e+00 1.471111e-03 0.000000e+00)
9.1           	3.158325e-06	(0.000000e+00 1.471111e-03 0.000000e+00)
9.15          	3.142798e-06	(0.000000e+00 1.471111e-03 0.000000e+00)
9.2           	3.127326e-06	(0.000000e+00 1.471111e-03 0.000000e+00)
9.25          	3.111804e-06	(0.000000e+00 1.471111e-03 0.000000e+00)
9.3           	3.096430e-06	(0.000000e+00 1.471111e-03 0.000000e+00)
9.35          	3.081167e-06	(0.000000e+00 1.471111e-03 0.000000e+00)
9.4           	3.066004e-06	(0.000000e+00 1.471111e-03 0.000000e+00)
9.45          	3.050665e-06	(0.000000e+00 1.471111e-03 0.000000e+00)
9.5           	3.035624e-06	(0.000000e+00 1.471111e-03 0.000000e+00)
9.55          	3.020427e-06	(0.000000e+00 1.471111e-03 0.000000e+00)
9.6           	3.005201e-06	(0.000000e+00 1.471111e-03 0.000000e+00)
9.65          	2.990188e-06	(0.000000e+00 1.471111e-03 0.000000e+00)
9.7           	2.975118e-06	(0.000000e+00 1.471111e-03 0.000000e+00)
9.75          	2.960157e-06	(0.000000e+00 1.471111e-03 0.000000e+00)
9.8           	2.945585e-06	(0.000000e+00 1.471111e-03 0.000000e+00)
9.85          	2.930695e-06	(0.000000e+00 1.471111e-03 0.000000e+00)
9.9           	2.916017e-06	(0.000000e+00 1.471111e-03 0.000000e+00)
9.95          	2.901413e-06	(0.000000e+00 1.471111e-03 0.000000e+00)
10            	2.886223e-06	(0.000000e+00 1.471111e-03 0.000000e+00)
10.05         	2.871568e-06	(0.000000e+00 1.471111e-03 0.000000e+00)
10.1          	2.856972e-06	(0.000000e+00 1.471111e-03 0.000000e+00)
10.15         	2.842424e-06	(0.000000e+00 1.471111e-03 0.000000e+00)
10.2          	2.828171e-06	(0.000000e+00 1.471111e-03 0.000000e+00)
10.25         	2.813692e-06	(0.000000e+00 1.471111e-03 0.000000e+00)
10.3          	2.799148e-06	(0.000000e+00 1.471111e-03 0.000000e+00)
10.35         	2.784943e-06	(0.000000e+00 1.471111e-03 0.000000e+00)
10.4          	2.770878e-06	(0.000000e+00 1.471111e-03 0.000000e+00)
10.45         	2.756924e-06	(0.000000e+00 1.471111e-03 0.000000e+00)
10.5          	2.743035e-06	(0.000000e+00 1.471111e-03 0.000000e+00)
10.55         	2.729306e-06	(0.000000e+00 1.471111e-03 0.000000e+00)
10.6          	2.715856e-06	(0.000000e+00 1.471111e-03 0.000000e+00)
10.65         	2.701563e-06	(0.000000e+00 1.471111e-03 0.000000e+00)
10.7          	2.686735e-06	(0.000000e+00 1.471111e-03 0.000000e+00)
10.75         	2.672762e-06	(0.000000e+00 1.471111e-03 0.000000e+00)
10.8          	2.658769e-06	(0.000000e+00 1.471111e-03 0.000000e+00)
10.85         	2.643727e-06	(0.000000e+00 1.471111e-03 0.000000e+00)
10.9          	2.630744e-06	(0.000000e+00 1.471111e-03 0.000000e+00)
10.95         	2.617236e-06	(0.000000e+00 1.471111e-03 0.000000e+00)
11            	2.603793e-06	(0.000000e+00 1.471111e-03 0.000000e+00)
11.05         	2.590360e-06	(0.000000e+00 1.471111e-03 0.000000e+00)
11.1          	2.576962e-06	(0.000000e+00 1.471111e-03 0.000000e+00)
11.15         	2.563638e-06	(0.000000e+00 1.471111e-03 0.000000e+00)
11.2          	2.550352e-06	(0.000000e+00 1.471111e-03 0.000000e+00)
11.25         	2.537112e-06	(0.000000e+00 1.471111e-03 0.000000e+00)
11.3          	2.523916e-06	(0.000000e+00 1.471111e-03 0.000000e+00)
11.35         	2.510770e-06	(0.000000e+00 1.471111e-03 0.000000e+00)
11.4          	2.497678e-06	(0.000000e+00 1.471111e-03 0.000000e+00)
11.45         	2.484658e-06	(0.000000e+00 1.471111e-03 0.000000e+00)
11.5          	2.471654e-06	(0.000000e+00 1.471111e-03 0.000000e+00)
11.55         	2.458438e-06	(0.000000e+00 1.471111e-03 0.000000e+00)
11.6          	2.445425e-06	(0.000000e+00 1.471111e-03 0.000000e+00)
11.65         	2.432530e-06	(0.000000e+00 1.471111e-03 0.000000e+00)
11.7          	2.419734e-06	(0.000000e+00 1.471111e-03 0.000000e+00)
11.75         	2.406935e-06	(0.000000e+00 1.471111e-03 0.000000e+00)
11.8          	2.394141e-06	(0.000000e+00 1.471111e-03 0.000000e+00)
11.85         	2.381789e-06	(0.000000e+00 1.471111e-03 0.000000e+00)
11.9          	2.369313e-06	(0.000000e+00 1.471111e-03 0.000000e+00)
11.95         	2.356918e-06	(0.000000e+00 1.471111e-03 0.000000e+00)
12            	2.344238e-06	(0.000000e+00 1.471111e-03 0.000000e+00)
12.05         	2.331781e-06	(0.000000e+00 1.471111e-03 0.000000e+00)
12.1          	2.319472e-06	(0.000000e+00 1.471111e-03 0.000000e+00)
12.15         	2.307112e-06	(0.000000e+00 1.471111e-03 0.000000e+00)
12.2          	2.294740e-06	(0.000000e+00 1.471111e-03 0.000000e+00)
12.25         	2.282468e-06	(0.000000e+00 1.471111e-03 0.000000e+00)
12.3          	2.270290e-06	(0.000000e+00 1.471111e-03 0.000000e+00)
12.35         	2.258259e-06	(0.000000e+00 1.471111e-03 0.000000e+00)
12.4          	2.246412e-06	(0.000000e+00 1.471111e-03 0.000000e+00)
12.45         	2.233781e-06	(0.000000e+00 1.471111e-03 0.000000e+00)
12.5          	2.221492e-06	(0.000000e+00 1.471111e-03 0.000000e+00)
12.55         	2.209387e-06	(0.000000e+00 1.471111e-03 0.000000e+00)
12.6          	2.197516e-06	(0.000000e+00 1.471111e-03 0.000000e+00)
12.65         	2.185588e-06	(0.000000e+00 1.471111e-03 0.000000e+00)
12.7          	2.173813e-06	(0.000000e+00 1.471111e-03 0.000000e+00)
12.75         	2.161961e-06	(0.000000e+00 1.471111e-03 0.000000e+00)
12.8          	2.150057e-06	(0.000000e+00 1.471111e-03 0.000000e+00)
12.85         	2.138469e-06	(0.000000e+00 1.471111e-03 0.000000e+00)
12.9          	2.126887e-06	(0.000000e+00 1.471111e-03 0.000000e+00)
12.95         	2.115379e-06	(0.000000e+00 1.471111e-03 0.000000e+00)
13            	2.103812e-06	(0.000000e+00 1.471111e-03 0.000000e+00)
13.05         	2.092119e-06	(0.000000e+00 1.471111e-03 0.000000e+00)
13.1          	2.080633e-06	(0.000000e+00 1.471111e-03 0.000000e+00)
13.15         	2.069202e-06	(0.000000e+00 1.471111e-03 0.000000e+00)
13.2          	2.057873e-06	(0.000000e+00 1.471111e-03 0.000000e+00)
13.25         	2.046565e-06	(0.000000e+00 1.471111e-03 0.000000e+00)
13.3          	2.035115e-06	(0.000000e+00 1.471111e-03 0.000000e+00)
13.35         	2.023994e-06	(0.000000e+00 1.471111e-03 0.000000e+00)
13.4          	2.012762e-06	(0.000000e+00 1.471111e-03 0.000000e+00)
13.45         	2.001600e-06	(0.000000e+00 1.471111e-03 0.000000e+00)
13.5          	1.990365e-06	(0.000000e+00 1.471111e-03 0.000000e+00)
13.55         	1.979588e-06	(0.000000e+00 1.471111e-03 0.000000e+00)
13.6          	1.968570e-06	(0.000000e+00 1.471111e-03 0.000000e+00)
13.65         	1.957633e-06	(0.000000e+00 1.471111e-03 0.000000e+00)
13.7          	1.946754e-06	(0.000000e+00 1.471111e-03 0.000000e+00)
13.75         	1.935925e-06	(0.000000e+00 1.471111e-03 0.000000e+00)
13.8          	1.925140e-06	(0.000000e+00 1.471111e-03 0.000000e+00)
13.85         	1.914402e-06	(0.000000e+00 1.471111e-03 0.000000e+00)
13.9          	1.903708e-06	(0.000000e+00 1.471111e-03 0.000000e+00)
13.95         	1.893048e-06	(0.000000e+00 1.471111e-03 0.000000e+00)
14            	1.882477e-06	(0.000000e+00 1.471111e-03 0.000000e+00)
14.05         	1.871966e-06	(0.000000e+00 1.471111e-03 0.000000e+00)
14.1          	1.861472e-06	(0.000000e+00 1.471111e-03 0.000000e+00)
14.15         	1.851018e-06	(0.000000e+00 1.471111e-03 0.000000e+00)
14.2          	1.840613e-06	(0.000000e+00 1.471111e-03 0.000000e+00)
14.25         	1.830259e-06	(0.000000e+00 1.471111e-03 0.000000e+00)
14.3          	1.819883e-06	(0.000000e+00 1.471111e-03 0.000000e+00)
14.35         	1.809583e-06	(0.000000e+00 1.471111e-03 0.000000e+00)
14.4          	1.799360e-06	(0.000000e+00 1.471111e-03 0.000000e+00)
14.45         	1.789168e-06	(0.000000e+00 1.471111e-03 0.000000e+00)
14.5          	1.778991e-06	(0.000000e+00 1.471111e-03 0.000000e+00)
14.55         	1.768876e-06	(0.000000e+00 1.471111e-03 0.000000e+00)
14.6          	1.758832e-06	(0.000000e+00 1.471111e-03 0.000000e+00)
14.65         	1.748734e-06	(0.000000e+00 1.471111e-03 0.000000e+00)
14.7          	1.738779e-06	(0.000000e+00 1.471111e-03 0.000000e+00)
14.75         	1.728905e-06	(0.000000e+00 1.471111e-03 0.000000e+00)
14.8          	1.718877e-06	(0.000000e+00 1.471111e-03 0.000000e+00)
14.85         	1.709022e-06	(0.000000e+00 1.471111e-03 0.000000e+00)
14.9          	1.699483e-06	(0.000000e+00 1.471111e-03 0.000000e+00)
14.95         	1.689816e-06	(0.000000e+00 1.471111e-03 0.000000e+00)
15            	1.680175e-06	(0.000000e+00 1.471111e-03 0.000000e+00)
15.05         	1.670532e-06	(0.000000e+00 1.471111e-03 0.000000e+00)
15.1          	1.660919e-06	(0.000000e+00 1.471111e-03 0.000000e+00)
15.15         	1.651359e-06	(0.000000e+00 1.471111e-03 0.000000e+00)
15.2          	1.641855e-06	(0.000000e+00 1.471111e-03 0.000000e+00)
15.25         	1.632406e-06	(0.000000e+00 1.471111e-03 0.000000e+00)
15.3          	1.622905e-06	(0.000000e+00 1.471111e-03 0.000000e+00)
15.35         	1.613439e-06	(0.000000e+00 1.471111e-03 0.000000e+00)
15.4          	1.604077e-06	(0.000000e+00 1.471111e-03 0.000000e+00)
15.45         	1.594770e-06	(0.000000e+00 1.471111e-03 0.000000e+00)
15.5          	1.585508e-06	(0.000000e+00 1.471111e-03 0.000000e+00)
15.55         	1.576156e-06	(0.000000e+00 1.471111e-03 0.000000e+00)
15.6          	1.566864e-06	(0.000000e+00 1.471111e-03 0.000000e+00)
15.65         	1.557759e-06	(0.000000e+00 1.471111e-03 0.000000e+00)
15.7          	1.548682e-06	(0.000000e+00 1.471111e-03 0.000000e+00)
15.75         	1.539643e-06	(0.000000e+00 1.471111e-03 0.000000e+00)
15.8          	1.530698e-06	(0.000000e+00 1.471111e-03 0.000000e+00)
15.85         	1.521787e-06	(0.000000e+00 1.471111e-03 0.000000e+00)
15.9          	1.512973e-06	(0.000000e+00 1.471111e-03 0.000000e+00)
15.95         	1.504197e-06	(0.000000e+00 1.471111e-03 0.000000e+00)
16            	1.495453e-06	(0.000000e+00 1.471111e-03 0.000000e+00)
16.05         	1.486742e-06	(0.000000e+00 1.471111e-03 0.000000e+00)
16.1          	1.478239e-06	(0.000000e+00 1.471111e-03 0.000000e+00)
16.15         	1.469830e-06	(0.000000e+00 1.471111e-03 0.000000e+00)
16.2          	1.460533e-06	(0.000000e+00 1.471111e-03 0.000000e+00)
16.25         	1.452041e-06	(0.000000e+00 1.471111e-03 0.000000e+00)
16.3          	1.443548e-06	(0.000000e+00 1.471111e-03 0.000000e+00)
16.35         	1.434996e-06	(0.000000e+00 1.471111e-03 0.000000e+00)
16.4          	1.426206e-06	(0.000000e+00 1.471111e-03 0.000000e+00)
16.45         	1.418231e-06	(0.000000e+00 1.471111e-03 0.000000e+00)
16.5          	1.409916e-06	(0.000000e+00 1.471111e-03 0.000000e+00)
16.55         	1.401661e-06	(0.000000e+00 1.471111e-03 0.000000e+00)
16.6          	1.393411e-06	(0.000000e+00 1.471111e-03 0.000000e+00)
16.65         	1.385016e-06	(0.000000e+00 1.471111e-03 0.000000e+00)
16.7          	1.376857e-06	(0.000000e+00 1.471111e-03 0.000000e+00)
16.75         	1.368731e-06	(0.000000e+00 1.471111e-03 0.000000e+00)
16.8          	1.360618e-06	(0.000000e+00 1.471111e-03 0.000000e+00)
16.85         	1.352553e-06	(0.000000e+00 1.471111e-03 0.000000e+00)
16.9          	1.344521e-06	(0.000000e+00 1.471111e-03 0.000000e+00)
16.95         	1.336528e-06	(0.000000e+00 1.471111e-03 0.000000e+00)
17            	1.328574e-06	(0.000000e+00 1.471111e-03 0.000000e+00)
17.05         	1.320659e-06	(0.000000e+00 1.471111e-03 0.000000e+00)
17.1          	1.312778e-06	(0.000000e+00 1.471111e-03 0.000000e+00)
17.15         	1.304962e-06	(0.000000e+00 1.471111e-03 0.000000e+00)
17.2          	1.297167e-06	(0.000000e+00 1.471111e-03 0.000000e+00)
17.25         	1.289417e-06	(0.000000e+00 1.471111e-03 0.000000e+00)
17.3          	1.281709e-06	(0.000000e+00 1.471111e-03 0.000000e+00)
17.35         	1.274046e-06	(0.000000e+00 1.471111e-03 0.000000e+00)
17.4          	1.266429e-06	(0.000000e+00 1.471111e-03 0.000000e+00)
17.45         	1.258874e-06	(0.000000e+00 1.471111e-03 0.000000e+00)
17.5          	1.251384e-06	(0.000000e+00 1.471111e-03 0.000000e+00)
17.55         	1.243972e-06	(0.000000e+00 1.471111e-03 0.000000e+00)
17.6          	1.236714e-06	(0.000000e+00 1.471111e-03 0.000000e+00)
17.65         	1.228958e-06	(0.000000e+00 1.471111e-03 0.000000e+00)
17.7          	1.221471e-06	(0.000000e+00 1.471111e-03 0.000000e+00)
17.75         	1.213693e-06	(0.000000e+00 1.471111e-03 0.000000e+00)
17.8          	1.206365e-06	(0.000000e+00 1.471111e-03 0.000000e+00)
17.85         	1.199004e-06	(0.000000e+00 1.471111e-03 0.000000e+00)
17.9          	1.191712e-06	(0.000000e+00 1.471111e-03 0.000000e+00)
17.95         	1.184466e-06	(0.000000e+00 1.471111e-03 0.000000e+00)
18            	1.177258e-06	(0.000000e+00 1.471111e-03 0.000000e+00)
18.05         	1.170067e-06	(0.000000e+00 1.471111e-03 0.000000e+00)
18.1          	1.163003e-06	(0.000000e+00 1.471111e-03 0.000000e+00)
18.15         	1.155979e-06	(0.000000e+00 1.471111e-03 0.000000e+00)
18.2          	1.148949e-06	(0.000000e+00 1.471111e-03 0.000000e+00)
18.25         	1.141966e-06	(0.000000e+00 1.471111e-03 0.000000e+00)
18.3          	1.135026e-06	(0.000000e+00 1.471111e-03 0.000000e+00)
18.35         	1.128101e-06	(0.000000e+00 1.471111e-03 0.000000e+00)
18.4          	1.121229e-06	(0.000000e+00 1.471111e-03 0.000000e+00)
18.45         	1.114396e-06	(0.000000e+00 1.471111e-03 0.000000e+00)
18.5          	1.107549e-06	(0.000000e+00 1.471111e-03 0.000000e+00)
18.55         	1.100776e-06	(0.000000e+00 1.471111e-03 0.000000e+00)
18.6          	1.094124e-06	(0.000000e+00 1.471111e-03 0.000000e+00)
18.65         	1.087465e-06	(0.000000e+00 1.471111e-03 0.000000e+00)
18.7          	1.080803e-06	(0.000000e+00 1.471111e-03 0.000000e+00)
18.75         	1.074178e-06	(0.000000e+00 1.471111e-03 0.000000e+00)
18.8          	1.067610e-06	(0.000000e+00 1.471111e-03 0.000000e+00)
18.85         	1.061062e-06	(0.000000e+00 1.471111e-03 0.000000e+00)
18.9          	1.054563e-06	(0.000000e+00 1.471111e-03 0.000000e+00)
18.95         	1.048114e-06	(0.000000e+00 1.471111e-03 0.000000e+00)
19            	1.041716e-06	(0.000000e+00 1.471111e-03 0.000000e+00)
19.05         	1.035315e-06	(0.000000e+00 1.471111e-03 0.000000e+00)
19.1          	1.028873e-06	(0.000000e+00 1.471111e-03 0.000000e+00)
19.15         	1.022594e-06	(0.000000e+00 1.471111e-03 0.000000e+00)
19.2          	1.016258e-06	(0.000000e+00 1.471111e-03 0.000000e+00)
19.25         	1.009817e-06	(0.000000e+00 1.471111e-03 0.000000e+00)
19.3          	1.003360e-06	(0.000000e+00 1.471111e-03 0.000000e+00)
19.35         	9.973418e-07	(0.000000e+00 1.471111e-03 0.000000e+00)
19.4          	9.913096e-07	(0.000000e+00 1.471111e-03 0.000000e+00)
19.45         	9.851227e-07	(0.000000e+00 1.471111e-03 0.000000e+00)
19.5          	9.789732e-07	(0.000000e+00 1.471111e-03 0.000000e+00)
19.55         	9.729766e-07	(0.000000e+00 1.471111e-03 0.000000e+00)
19.6          	9.669706e-07	(0.000000e+00 1.471111e-03 0.000000e+00)
19.65         	9.610062e-07	(0.000000e+00 1.471111e-03 0.000000e+00)
19.7          	9.550883e-07	(0.000000e+00 1.471111e-03 0.000000e+00)
19.75         	9.491378e-07	(0.000000e+00 1.471111e-03 0.000000e+00)
19.8          	9.432712e-07	(0.000000e+00 1.471111e-03 0.000000e+00)
19.85         	9.374352e-07	(0.000000e+00 1.471111e-03 0.000000e+00)
19.9          	9.316325e-07	(0.000000e+00 1.471111e-03 0.000000e+00)
19.95         	9.258738e-07	(0.000000e+00 1.471111e-03 0.000000e+00)
20            	9.201515e-07	(0.000000e+00 1.471111e-03 0.000000e+00)
20.05         	9.143543e-07	(0.000000e+00 1.471111e-03 0.000000e+00)
20.1          	9.085695e-07	(0.000000e+00 1.471111e-03 0.000000e+00)
20.15         	9.029176e-07	(0.000000e+00 1.471111e-03 0.000000e+00)
20.2          	8.972739e-07	(0.000000e+00 1.471111e-03 0.000000e+00)
20.25         	8.915525e-07	(0.000000e+00 1.471111e-03 0.000000e+00)
20.3          	8.860686e-07	(0.000000e+00 1.471111e-03 0.000000e+00)
20.35         	8.805446e-07	(0.000000e+00 1.471111e-03 0.000000e+00)
20.4          	8.750514e-07	(0.000000e+00 1.471111e-03 0.000000e+00)
20.45         	8.696040e-07	(0.000000e+00 1.471111e-03 0.000000e+00)
20.5          	8.641857e-07	(0.000000e+00 1.471111e-03 0.000000e+00)
20.55         	8.587999e-07	(0.000000e+00 1.471111e-03 0.000000e+00)
20.6          	8.534555e-07	(0.000000e+00 1.471111e-03 0.000000e+00)
20.65         	8.481362e-07	(0.000000e+00 1.471111e-03 0.000000e+00)
20.7          	8.428372e-07	(0.000000e+00 1.471111e-03 0.000000e+00)
20.75         	8.375619e-07	(0.000000e+00 1.471111e-03 0.000000e+00)
20.8          	8.323110e-07	(0.000000e+00 1.471111e-03 0.000000e+00)
20.85         	8.270777e-07	(0.000000e+00 1.471111e-03 0.000000e+00)
20.9          	8.219054e-07	(0.000000e+00 1.471111e-03 0.000000e+00)
20.95         	8.167467e-07	(0.000000e+00 1.471111e-03 0.000000e+00)
21            	8.116326e-07	(0.000000e+00 1.471111e-03 0.000000e+00)
21.05         	8.065183e-07	(0.000000e+00 1.471111e-03 0.000000e+00)
21.1          	8.014381e-07	(0.000000e+00 1.471111e-03 0.000000e+00)
21.15         	7.964110e-07	(0.000000e+00 1.471111e-03 0.000000e+00)
21.2          	7.914092e-07	(0.000000e+00 1.471111e-03 0.000000e+00)
21.25         	7.864392e-07	(0.000000e+00 1.471111e-03 0.000000e+00)
21.3          	7.814972e-07	(0.000000e+00 1.471111e-03 0.000000e+00)
21.35         	7.765857e-07	(0.000000e+00 1.471111e-03 0.000000e+00)
21.4          	7.717013e-07	(0.000000e+00 1.471111e-03 0.000000e+00)
21.45         	7.668462e-07	(0.000000e+00 1.471111e-03 0.000000e+00)
21.5          	7.620082e-07	(0.000000e+00 1.471111e-03 0.000000e+00)
21.55         	7.571624e-07	(0.000000e+00 1.471111e-03 0.000000e+00)
21.6          	7.523596e-07	(0.000000e+00 1.471111e-03 0.000000e+00)
21.65         	7.476057e-07	(0.000000e+00 1.471111e-03 0.000000e+00)
21.7          	7.428678e-07	(0.000000e+00 1.471111e-03 0.000000e+00)
21.75         	7.381793e-07	(0.000000e+00 1.471111e-03 0.000000e+00)
21.8          	7.335227e-07	(0.000000e+00 1.471111e-03 0.000000e+00)
21.85         	7.288984e-07	(0.000000e+00 1.471111e-03 0.000000e+00)
21.9          	7.243033e-07	(0.000000e+00 1.471111e-03 0.000000e+00)
21.95         	7.197336e-07	(0.000000e+00 1.471111e-03 0.000000e+00)
22            	7.151974e-07	(0.000000e+00 1.471111e-03 0.000000e+00)
22.05         	7.106918e-07	(0.000000e+00 1.471111e-03 0.000000e+00)
22.1          	7.062230e-07	(0.000000e+00 1.471111e-03 0.000000e+00)
22.15         	7.018072e-07	(0.000000e+00 1.471111e-03 0.000000e+00)
22.2          	6.972515e-07	(0.000000e+00 1.471111e-03 0.000000e+00)
22.25         	6.927796e-07	(0.000000e+00 1.471111e-03 0.000000e+00)
22.3          	6.884089e-07	(0.000000e+00 1.471111e-03 0.000000e+00)
22.35         	6.840517e-07	(0.000000e+00 1.471111e-03 0.000000e+00)
22.4          	6.796383e-07	(0.000000e+00 1.471111e-03 0.000000e+00)
22.45         	6.753815e-07	(0.000000e+00 1.471111e-03 0.000000e+00)
22.5          	6.711086e-07	(0.000000e+00 1.471111e-03 0.000000e+00)
22.55         	6.668594e-07	(0.000000e+00 1.471111e-03 0.000000e+00)
22.6          	6.626319e-07	(0.000000e+00 1.471111e-03 0.000000e+00)
22.65         	6.584381e-07	(0.000000e+00 1.471111e-03 0.000000e+00)
22.7          	6.542648e-07	(0.000000e+00 1.471111e-03 0.000000e+00)
22.75         	6.501131e-07	(0.000000e+00 1.471111e-03 0.000000e+00)
22.8          	6.459869e-07	(0.000000e+00 1.471111e-03 0.000000e+00)
22.85         	6.418909e-07	(0.000000e+00 1.471111e-03 0.000000e+00)
22.9          	6.378334e-07	(0.000000e+00 1.471111e-03 0.000000e+00)
22.95         	6.337650e-07	(0.000000e+00 1.471111e-03 0.000000e+00)
23            	6.297042e-07	(0.000000e+00 1.471111e-03 0.000000e+00)
23.05         	6.256672e-07	(0.000000e+00 1.471111e-03 0.000000e+00)
23.1          	6.216959e-07	(0.000000e+00 1.471111e-03 0.000000e+00)
23.15         	6.177403e-07	(0.000000e+00 1.471111e-03 0.000000e+00)
23.2          	6.138151e-07	(0.000000e+00 1.471111e-03 0.000000e+00)
23.25         	6.099135e-07	(0.000000e+00 1.471111e-03 0.000000e+00)
23.3          	6.060368e-07	(0.000000e+00 1.471111e-03 0.000000e+00)
23.35         	6.021903e-07	(0.000000e+00 1.471111e-03 0.000000e+00)
23.4          	5.983646e-07	(0.000000e+00 1.471111e-03 0.000000e+00)
23.45         	5.945569e-07	(0.000000e+00 1.471111e-03 0.000000e+00)
23.5          	5.907811e-07	(0.000000e+00 1.471111e-03 0.000000e+00)
23.55         	5.870225e-07	(0.000000e+00 1.471111e-03 0.000000e+00)
23.6          	5.832747e-07	(0.000000e+00 1.471111e-03 0.000000e+00)
23.65         	5.795508e-07	(0.000000e+00 1.471111e-03 0.000000e+00)
23.7          	5.758405e-07	(0.000000e+00 1.471111e-03 0.000000e+00)
23.75         	5.721768e-07	(0.000000e+00 1.471111e-03 0.000000e+00)
23.8          	5.685190e-07	(0.000000e+00 1.471111e-03 0.000000e+00)
23.85         	5.648694e-07	(0.000000e+00 1.471111e-03 0.000000e+00)
23.9          	5.612271e-07	(0.000000e+00 1.471111e-03 0.000000e+00)
23.95         	5.576102e-07	(0.000000e+00 1.471111e-03 0.000000e+00)
24            	5.539951e-07	(0.000000e+00 1.471111e-03 0.000000e+00)
24.05         	5.505463e-07	(0.000000e+00 1.471111e-03 0.000000e+00)
24.1          	5.471212e-07	(0.000000e+00 1.471111e-03 0.000000e+00)
24.15         	5.436883e-07	(0.000000e+00 1.471111e-03 0.000000e+00)
24.2          	5.402616e-07	(0.000000e+00 1.471111e-03 0.000000e+00)
24.25         	5.369311e-07	(0.000000e+00 1.471111e-03 0.000000e+00)
24.3          	5.337717e-07	(0.000000e+00 1.471111e-03 0.000000e+00)
24.35         	5.304661e-07	(0.000000e+00 1.471111e-03 0.000000e+00)
24.4          	5.271318e-07	(0.000000e+00 1.471111e-03 0.000000e+00)
24.45         	5.238364e-07	(0.000000e+00 1.471111e-03 0.000000e+00)
24.5          	5.205275e-07	(0.000000e+00 1.471111e-03 0.000000e+00)
24.55         	5.172464e-07	(0.000000e+00 1.471111e-03 0.000000e+00)
24.6          	5.139817e-07	(0.000000e+00 1.471111e-03 0.000000e+00)
24.65         	5.107330e-07	(0.000000e+00 1.471111e-03 0.000000e+00)
24.7          	5.074995e-07	(0.000000e+00 1.471111e-03 0.000000e+00)
24.75         	5.042942e-07	(0.000000e+00 1.471111e-03 0.000000e+00)
24.8          	5.011045e-07	(0.000000e+00 1.471111e-03 0.000000e+00)
24.85         	4.979374e-07	(0.000000e+00 1.471111e-03 0.000000e+00)
24.9          	4.947910e-07	(0.000000e+00 1.471111e-03 0.000000e+00)
24.95         	4.916650e-07	(0.000000e+00 1.471111e-03 0.000000e+00)
25            	4.885605e-07	(0.000000e+00 1.471111e-03 0.000000e+00)
25.05         	4.854800e-07	(0.000000e+00 1.471111e-03 0.000000e+00)
25.1          	4.824264e-07	(0.000000e+00 1.471111e-03 0.000000e+00)
25.15         	4.793270e-07	(0.000000e+00 1.471111e-03 0.000000e+00)
25.2          	4.763266e-07	(0.000000e+00 1.471111e-03 0.000000e+00)
25.25         	4.732824e-07	(0.000000e+00 1.471111e-03 0.000000e+00)
25.3          	4.703056e-07	(0.000000e+00 1.471111e-03 0.000000e+00)
25.35         	4.673466e-07	(0.000000e+00 1.471111e-03 0.000000e+00)
25.4          	4.643908e-07	(0.000000e+00 1.471111e-03 0.000000e+00)
25.45         	4.614676e-07	(0.000000e+00 1.471111e-03 0.000000e+00)
25.5          	4.585594e-07	(0.000000e+00 1.471111e-03 0.000000e+00)
25.55         	4.556635e-07	(0.000000e+00 1.471111e-03 0.000000e+00)
25.6          	4.527986e-07	(0.000000e+00 1.471111e-03 0.000000e+00)
25.65         	4.499532e-07	(0.000000e+00 1.471111e-03 0.000000e+00)
25.7          	4.471299e-07	(0.000000e+00 1.471111e-03 0.000000e+00)
25.75         	4.443306e-07	(0.000000e+00 1.471111e-03 0.000000e+00)
25.8          	4.415407e-07	(0.000000e+00 1.471111e-03 0.000000e+00)
25.85         	4.387654e-07	(0.000000e+00 1.471111e-03 0.000000e+00)
25.9          	4.360147e-07	(0.000000e+00 1.471111e-03 0.000000e+00)
25.95         	4.332930e-07	(0.000000e+00 1.471111e-03 0.000000e+00)
26            	4.305871e-07	(0.000000e+00 1.471111e-03 0.000000e+00)
26.05         	4.278969e-07	(0.000000e+00 1.471111e-03 0.000000e+00)
26.1          	4.252296e-07	(0.000000e+00 1.471111e-03 0.000000e+00)
26.15         	4.225865e-07	(0.000000e+00 1.471111e-03 0.000000e+00)
26.2          	4.199626e-07	(0.000000e+00 1.471111e-03 0.000000e+00)
26.25         	4.173593e-07	(0.000000e+00 1.471111e-03 0.000000e+00)
26.3          	4.147605e-07	(0.000000e+00 1.471111e-03 0.000000e+00)
26.35         	4.122359e-07	(0.000000e+00 1.471111e-03 0.000000e+00)
26.4          	4.097062e-07	(0.000000e+00 1.471111e-03 0.000000e+00)
26.45         	4.071857e-07	(0.000000e+00 1.471111e-03 0.000000e+00)
26.5          	4.046746e-07	(0.000000e+00 1.471111e-03 0.000000e+00)
26.55         	4.021843e-07	(0.000000e+00 1.471111e-03 0.000000e+00)
26.6          	3.997159e-07	(0.000000e+00 1.471111e-03 0.000000e+00)
26.65         	3.972573e-07	(0.000000e+00 1.471111e-03 0.000000e+00)
26.7          	3.948211e-07	(0.000000e+00 1.471111e-03 0.000000e+00)
26.75         	3.924048e-07	(0.000000e+00 1.471111e-03 0.000000e+00)
26.8          	3.900231e-07	(0.000000e+00 1.471111e-03 0.000000e+00)
26.85         	3.876545e-07	(0.000000e+00 1.471111e-03 0.000000e+00)
26.9          	3.852742e-07	(0.000000e+00 1.471111e-03 0.000000e+00)
26.95         	3.829129e-07	(0.000000e+00 1.471111e-03 0.000000e+00)
27            	3.805340e-07	(0.000000e+00 1.471111e-03 0.000000e+00)
27.05         	3.781443e-07	(0.000000e+00 1.471111e-03 0.000000e+00)
27.1          	3.757938e-07	(0.000000e+00 1.471111e-03 0.000000e+00)
27.15         	3.734698e-07	(0.000000e+00 1.471111e-03 0.000000e+00)
27.2          	3.711771e-07	(0.000000e+00 1.471111e-03 0.000000e+00)
27.25         	3.689065e-07	(0.000000e+00 1.471111e-03 0.000000e+00)
27.3          	3.666558e-07	(0.000000e+00 1.471111e-03 0.000000e+00)
27.35         	3.644235e-07	(0.000000e+00 1.471111e-03 0.000000e+00)
27.4          	3.622113e-07	(0.000000e+00 1.471111e-03 0.000000e+00)
27.45         	3.600129e-07	(0.000000e+00 1.471111e-03 0.000000e+00)
27.5          	3.578275e-07	(0.000000e+00 1.471111e-03 0.000000e+00)
27.55         	3.556619e-07	(0.000000e+00 1.471111e-03 0.000000e+00)
27.6          	3.535131e-07	(0.000000e+00 1.471111e-03 0.000000e+00)
27.65         	3.513849e-07	(0.000000e+00 1.471111e-03 0.000000e+00)
27.7          	3.492694e-07	(0.000000e+00 1.471111e-03 0.000000e+00)
27.75         	3.471729e-07	(0.000000e+00 1.471111e-03 0.000000e+00)
27.8          	3.450879e-07	(0.000000e+00 1.471111e-03 0.000000e+00)
27.85         	3.430170e-07	(0.000000e+00 1.471111e-03 0.000000e+00)
27.9          	3.409648e-07	(0.000000e+00 1.471111e-03 0.000000e+00)
27.95         	3.389180e-07	(0.000000e+00 1.471111e-03 0.000000e+00)
28            	3.368983e-07	(0.000000e+00 1.471111e-03 0.000000e+00)
28.05         	3.348887e-07	(0.000000e+00 1.471111e-03 0.000000e+00)
28.1          	3.328984e-07	(0.000000e+00 1.471111e-03 0.000000e+00)
28.15         	3.309033e-07	(0.000000e+00 1.471111e-03 0.000000e+00)
28.2          	3.289379e-07	(0.000000e+00 1.471111e-03 0.000000e+00)
28.25         	3.269982e-07	(0.000000e+00 1.471111e-03 0.000000e+00)
28.3          	3.250711e-07	(0.000000e+00 1.471111e-03 0.000000e+00)
28.35         	3.231571e-07	(0.000000e+00 1.471111e-03 0.000000e+00)
28.4          	3.212704e-07	(0.000000e+00 1.471111e-03 0.000000e+00)
28.45         	3.193966e-07	(0.000000e+00 1.471111e-03 0.000000e+00)
28.5          	3.175335e-07	(0.000000e+00 1.471111e-03 0.000000e+00)
28.55         	3.156859e-07	(0.000000e+00 1.471111e-03 0.000000e+00)
28.6          	3.138400e-07	(0.000000e+00 1.471111e-03 0.000000e+00)
28.65         	3.120060e-07	(0.000000e+00 1.471111e-03 0.000000e+00)
28.7          	3.102120e-07	(0.000000e+00 1.471111e-03 0.000000e+00)
28.75         	3.084261e-07	(0.000000e+00 1.471111e-03 0.000000e+00)
28.8          	3.066047e-07	(0.000000e+00 1.471111e-03 0.000000e+00)
28.85         	3.047985e-07	(0.000000e+00 1.471111e-03 0.000000e+00)
28.9          	3.030368e-07	(0.000000e+00 1.471111e-03 0.000000e+00)
28.95         	3.012958e-07	(0.000000e+00 1.471111e-03 0.000000e+00)
29            	2.995720e-07	(0.000000e+00 1.471111e-03 0.000000e+00)
29.05         	2.978554e-07	(0.000000e+00 1.471111e-03 0.000000e+00)
29.1          	2.961565e-07	(0.000000e+00 1.471111e-03 0.000000e+00)
29.15         	2.944779e-07	(0.000000e+00 1.471111e-03 0.000000e+00)
29.2          	2.928176e-07	(0.000000e+00 1.471111e-03 0.000000e+00)
29.25         	2.911606e-07	(0.000000e+00 1.471111e-03 0.000000e+00)
29.3          	2.895204e-07	(0.000000e+00 1.471111e-03 0.000000e+00)
29.35         	2.878803e-07	(0.000000e+00 1.471111e-03 0.000000e+00)
29.4          	2.862587e-07	(0.000000e+00 1.471111e-03 0.000000e+00)
29.45         	2.846494e-07	(0.000000e+00 1.471111e-03 0.000000e+00)
29.5          	2.830602e-07	(0.000000e+00 1.471111e-03 0.000000e+00)
29.55         	2.814803e-07	(0.000000e+00 1.471111e-03 0.000000e+00)
29.6          	2.799089e-07	(0.000000e+00 1.471111e-03 0.000000e+00)
29.65         	2.783555e-07	(0.000000e+00 1.471111e-03 0.000000e+00)
29.7          	2.768202e-07	(0.000000e+00 1.471111e-03 0.000000e+00)
29.75         	2.752911e-07	(0.000000e+00 1.471111e-03 0.000000e+00)
29.8          	2.737734e-07	(0.000000e+00 1.471111e-03 0.000000e+00)
29.85         	2.722780e-07	(0.000000e+00 1.471111e-03 0.000000e+00)
29.9          	2.707958e-07	(0.000000e+00 1.471111e-03 0.000000e+00)
29.95         	2.693262e-07	(0.000000e+00 1.471111e-03 0.000000e+00)
30            	2.678802e-07	(0.000000e+00 1.471111e-03 0.000000e+00)
30.05         	2.664580e-07	(0.000000e+00 1.471111e-03 0.000000e+00)
30.1          	2.650454e-07	(0.000000e+00 1.471111e-03 0.000000e+00)
30.15         	2.636807e-07	(0.000000e+00 1.471111e-03 0.000000e+00)
30.2          	2.623883e-07	(0.000000e+00 1.471111e-03 0.000000e+00)
30.25         	2.612053e-07	(0.000000e+00 1.471111e-03 0.000000e+00)
30.3          	2.598691e-07	(0.000000e+00 1.471111e-03 0.000000e+00)
30.35         	2.578838e-07	(0.000000e+00 1.471111e-03 0.000000e+00)
30.4          	2.561117e-07	(0.000000e+00 1.471111e-03 0.000000e+00)
30.45         	2.543333e-07	(0.000000e+00 1.471111e-03 0.000000e+00)
30.5          	2.531557e-07	(0.000000e+00 1.471111e-03 0.000000e+00)
30.55         	2.519413e-07	(0.000000e+00 1.471111e-03 0.000000e+00)
30.6          	2.507022e-07	(0.000000e+00 1.471111e-03 0.000000e+00)
30.65         	2.494494e-07	(0.000000e+00 1.471111e-03 0.000000e+00)
30.7          	2.482027e-07	(0.000000e+00 1.471111e-03 0.000000e+00)
30.75         	2.469622e-07	(0.000000e+00 1.471111e-03 0.000000e+00)
30.8          	2.457286e-07	(0.000000e+00 1.471111e-03 0.000000e+00)
30.85         	2.445127e-07	(0.000000e+00 1.471111e-03 0.000000e+00)
30.9          	2.432939e-07	(0.000000e+00 1.471111e-03 0.000000e+00)
30.95         	2.420849e-07	(0.000000e+00 1.471111e-03 0.000000e+00)
31            	2.409179e-07	(0.000000e+00 1.471111e-03 0.000000e+00)
31.05         	2.397690e-07	(0.000000e+00 1.471111e-03 0.000000e+00)
31.1          	2.383089e-07	(0.000000e+00 1.471111e-03 0.000000e+00)
31.15         	2.369952e-07	(0.000000e+00 1.471111e-03 0.000000e+00)
31.2          	2.357072e-07	(0.000000e+00 1.471111e-03 0.000000e+00)
31.25         	2.344508e-07	(0.000000e+00 1.471111e-03 0.000000e+00)
31.3          	2.332131e-07	(0.000000e+00 1.471111e-03 0.000000e+00)
31.35         	2.319964e-07	(0.000000e+00 1.471111e-03 0.000000e+00)
31.4          	2.307983e-07	(0.000000e+00 1.471111e-03 0.000000e+00)
31.45         	2.296154e-07	(0.000000e+00 1.471111e-03 0.000000e+00)
31.5          	2.284457e-07	(0.000000e+00 1.471111e-03 0.000000e+00)
31.55         	2.273073e-07	(0.000000e+00 1.471111e-03 0.000000e+00)
31.6          	2.260075e-07	(0.000000e+00 1.471111e-03 0.000000e+00)
31.65         	2.247369e-07	(0.000000e+00 1.471111e-03 0.000000e+00)
31.7          	2.236541e-07	(0.000000e+00 1.471111e-03 0.000000e+00)
31.75         	2.224882e-07	(0.000000e+00 1.471111e-03 0.000000e+00)
31.8          	2.213769e-07	(0.000000e+00 1.471111e-03 0.000000e+00)
31.85         	2.202783e-07	(0.000000e+00 1.471111e-03 0.000000e+00)
31.9          	2.192027e-07	(0.000000e+00 1.471111e-03 0.000000e+00)
31.95         	2.181423e-07	(0.000000e+00 1.471111e-03 0.000000e+00)
32            	2.171000e-07	(0.000000e+00 1.471111e-03 0.000000e+00)
32.05         	2.160942e-07	(0.000000e+00 1.471111e-03 0.000000e+00)
32.1          	2.150493e-07	(0.000000e+00 1.471111e-03 0.000000e+00)
32.15         	2.140187e-07	(0.000000e+00 1.471111e-03 0.000000e+00)
32.2          	2.129840e-07	(0.000000e+00 1.471111e-03 0.000000e+00)
32.25         	2.119764e-07	(0.000000e+00 1.471111e-03 0.000000e+00)
32.3          	2.109928e-07	(0.000000e+00 1.471111e-03 0.000000e+00)
32.35         	2.100182e-07	(0.000000e+00 1.471111e-03 0.000000e+00)
32.4          	2.090642e-07	(0.000000e+00 1.471111e-03 0.000000e+00)
32.45         	2.081117e-07	(0.000000e+00 1.471111e-03 0.000000e+00)
32.5          	2.071686e-07	(0.000000e+00 1.471111e-03 0.000000e+00)
32.55         	2.062337e-07	(0.000000e+00 1.471111e-03 0.000000e+00)
32.6          	2.052789e-07	(0.000000e+00 1.471111e-03 0.000000e+00)
32.65         	2.043410e-07	(0.000000e+00 1.471111e-03 0.000000e+00)
32.7          	2.034396e-07	(0.000000e+00 1.471111e-03 0.000000e+00)
32.75         	2.025121e-07	(0.000000e+00 1.471111e-03 0.000000e+00)
32.8          	2.016080e-07	(0.000000e+00 1.471111e-03 0.000000e+00)
32.85         	2.007222e-07	(0.000000e+00 1.471111e-03 0.000000e+00)
32.9          	1.998221e-07	(0.000000e+00 1.471111e-03 0.000000e+00)
32.95         	1.989462e-07	(0.000000e+00 1.471111e-03 0.000000e+00)
33            	1.980680e-07	(0.000000e+00 1.471111e-03 0.000000e+00)
33.05         	1.971884e-07	(0.000000e+00 1.471111e-03 0.000000e+00)
33.1          	1.963101e-07	(0.000000e+00 1.471111e-03 0.000000e+00)
33.15         	1.954013e-07	(0.000000e+00 1.471111e-03 0.000000e+00)
33.2          	1.946921e-07	(0.000000e+00 1.471111e-03 0.000000e+00)
33.25         	1.938082e-07	(0.000000e+00 1.471111e-03 0.000000e+00)
33.3          	1.930887e-07	(0.000000e+00 1.471111e-03 0.000000e+00)
33.35         	1.921953e-07	(0.000000e+00 1.471111e-03 0.000000e+00)
33.4          	1.913993e-07	(0.000000e+00 1.471111e-03 0.000000e+00)
33.45         	1.905930e-07	(0.000000e+00 1.471111e-03 0.000000e+00)
33.5          	1.897814e-07	(0.000000e+00 1.471111e-03 0.000000e+00)
33.55         	1.890004e-07	(0.000000e+00 1.471111e-03 0.000000e+00)
33.6          	1.882367e-07	(0.000000e+00 1.471111e-03 0.000000e+00)
33.65         	1.874803e-07	(0.000000e+00 1.471111e-03 0.000000e+00)
33.7          	1.866906e-07	(0.000000e+00 1.471111e-03 0.000000e+00)
33.75         	1.859236e-07	(0.000000e+00 1.471111e-03 0.000000e+00)
33.8          	1.851670e-07	(0.000000e+00 1.471111e-03 0.000000e+00)
33.85         	1.844361e-07	(0.000000e+00 1.471111e-03 0.000000e+00)
33.9          	1.836907e-07	(0.000000e+00 1.471111e-03 0.000000e+00)
33.95         	1.829760e-07	(0.000000e+00 1.471111e-03 0.000000e+00)
34            	1.822629e-07	(0.000000e+00 1.471111e-03 0.000000e+00)
34.05         	1.815307e-07	(0.000000e+00 1.471111e-03 0.000000e+00)
34.1          	1.808320e-07	(0.000000e+00 1.471111e-03 0.000000e+00)
34.15         	1.801113e-07	(0.000000e+00 1.471111e-03 0.000000e+00)
34.2          	1.794183e-07	(0.000000e+00 1.471111e-03 0.000000e+00)
34.25         	1.787111e-07	(0.000000e+00 1.471111e-03 0.000000e+00)
34.3          	1.780366e-07	(0.000000e+00 1.471111e-03 0.000000e+00)
34.35         	1.773670e-07	(0.000000e+00 1.471111e-03 0.000000e+00)
34.4          	1.767067e-07	(0.000000e+00 1.471111e-03 0.000000e+00)
34.45         	1.760459e-07	(0.000000e+00 1.471111e-03 0.000000e+00)
34.5          	1.753901e-07	(0.000000e+00 1.471111e-03 0.000000e+00)
34.55         	1.747360e-07	(0.000000e+00 1.471111e-03 0.000000e+00)
34.6          	1.741017e-07	(0.000000e+00 1.471111e-03 0.000000e+00)
34.65         	1.734566e-07	(0.000000e+00 1.471111e-03 0.000000e+00)
34.7          	1.728385e-07	(0.000000e+00 1.471111e-03 0.000000e+00)
34.75         	1.722417e-07	(0.000000e+00 1.471111e-03 0.000000e+00)
34.8          	1.715662e-07	(0.000000e+00 1.471111e-03 0.000000e+00)
34.85         	1.708681e-07	(0.000000e+00 1.471111e-03 0.000000e+00)
34.9          	1.702777e-07	(0.000000e+00 1.471111e-03 0.000000e+00)
34.95         	1.696690e-07	(0.000000e+00 1.471111e-03 0.000000e+00)
35            	1.690520e-07	(0.000000e+00 1.471111e-03 0.000000e+00)
35.05         	1.684328e-07	(0.000000e+00 1.471111e-03 0.000000e+00)
35.1          	1.677056e-07	(0.000000e+00 1.471111e-03 0.000000e+00)
35.15         	1.672048e-07	(0.000000e+00 1.471111e-03 0.000000e+00)
35.2          	1.666349e-07	(0.000000e+00 1.471111e-03 0.000000e+00)
35.25         	1.660875e-07	(0.000000e+00 1.471111e-03 0.000000e+00)
35.3          	1.655459e-07	(0.000000e+00 1.471111e-03 0.000000e+00)
35.35         	1.649872e-07	(0.000000e+00 1.471111e-03 0.000000e+00)
35.4          	1.644551e-07	(0.000000e+00 1.471111e-03 0.000000e+00)
35.45         	1.639248e-07	(0.000000e+00 1.471111e-03 0.000000e+00)
35.5          	1.633952e-07	(0.000000e+00 1.471111e-03 0.000000e+00)
35.55         	1.628736e-07	(0.000000e+00 1.471111e-03 0.000000e+00)
35.6          	1.623678e-07	(0.000000e+00 1.471111e-03 0.000000e+00)
35.65         	1.618344e-07	(0.000000e+00 1.471111e-03 0.000000e+00)
35.7          	1.613094e-07	(0.000000e+00 1.471111e-03 0.000000e+00)
35.75         	1.608013e-07	(0.000000e+00 1.471111e-03 0.000000e+00)
35.8          	1.602946e-07	(0.000000e+00 1.471111e-03 0.000000e+00)
35.85         	1.598018e-07	(0.000000e+00 1.471111e-03 0.000000e+00)
35.9          	1.593040e-07	(0.000000e+00 1.471111e-03 0.000000e+00)
35.95         	1.588381e-07	(0.000000e+00 1.471111e-03 0.000000e+00)
36            	1.583219e-07	(0.000000e+00 1.471111e-03 0.000000e+00)
36.05         	1.577933e-07	(0.000000e+00 1.471111e-03 0.000000e+00)
36.1          	1.573265e-07	(0.000000e+00 1.471111e-03 0.000000e+00)
36.15         	1.568732e-07	(0.000000e+00 1.471111e-03 0.000000e+00)
36.2          	1.564239e-07	(0.000000e+00 1.471111e-03 0.000000e+00)
36.25         	1.559647e-07	(0.000000e+00 1.471111e-03 0.000000e+00)
36.3          	1.554905e-07	(0.000000e+00 1.471111e-03 0.000000e+00)
36.35         	1.550341e-07	(0.000000e+00 1.471111e-03 0.000000e+00)
36.4          	1.546067e-07	(0.000000e+00 1.471111e-03 0.000000e+00)
36.45         	1.541205e-07	(0.000000e+00 1.471111e-03 0.000000e+00)
36.5          	1.536566e-07	(0.000000e+00 1.471111e-03 0.000000e+00)
36.55         	1.532095e-07	(0.000000e+00 1.471111e-03 0.000000e+00)
36.6          	1.527996e-07	(0.000000e+00 1.471111e-03 0.000000e+00)
36.65         	1.523774e-07	(0.000000e+00 1.471111e-03 0.000000e+00)
36.7          	1.519508e-07	(0.000000e+00 1.471111e-03 0.000000e+00)
36.75         	1.515391e-07	(0.000000e+00 1.471111e-03 0.000000e+00)
36.8          	1.511242e-07	(0.000000e+00 1.471111e-03 0.000000e+00)
36.85         	1.507114e-07	(0.000000e+00 1.471111e-03 0.000000e+00)
36.9          	1.503036e-07	(0.000000e+00 1.471111e-03 0.000000e+00)
36.95         	1.499018e-07	(0.000000e+00 1.471111e-03 0.000000e+00)
37            	1.495031e-07	(0.000000e+00 1.471111e-03 0.000000e+00)
37.05         	1.491048e-07	(0.000000e+00 1.471111e-03 0.000000e+00)
37.1          	1.487472e-07	(0.000000e+00 1.471111e-03 0.000000e+00)
37.15         	1.483758e-07	(0.000000e+00 1.471111e-03 0.000000e+00)
37.2          	1.479891e-07	(0.000000e+00 1.471111e-03 0.000000e+00)
37.25         	1.476184e-07	(0.000000e+00 1.471111e-03 0.000000e+00)
37.3          	1.472397e-07	(0.000000e+00 1.471111e-03 0.000000e+00)
37.35         	1.468713e-07	(0.000000e+00 1.471111e-03 0.000000e+00)
37.4          	1.465049e-07	(0.000000e+00 1.471111e-03 0.000000e+00)
37.45         	1.461551e-07	(0.000000e+00 1.471111e-03 0.000000e+00)
37.5          	1.457993e-07	(0.000000e+00 1.471111e-03 0.000000e+00)
37.55         	1.454946e-07	(0.000000e+00 1.471111e-03 0.000000e+00)
37.6          	1.451263e-07	(0.000000e+00 1.471111e-03 0.000000e+00)
37.65         	1.447919e-07	(0.000000e+00 1.471111e-03 0.000000e+00)
37.7          	1.444341e-07	(0.000000e+00 1.471111e-03 0.000000e+00)
37.75         	1.441093e-07	(0.000000e+00 1.471111e-03 0.000000e+00)
37.8          	1.437804e-07	(0.000000e+00 1.471111e-03 0.000000e+00)
37.85         	1.434621e-07	(0.000000e+00 1.471111e-03 0.000000e+00)
37.9          	1.431459e-07	(0.000000e+00 1.471111e-03 0.000000e+00)
37.95         	1.428613e-07	(0.000000e+00 1.471111e-03 0.000000e+00)
38            	1.424932e-07	(0.000000e+00 1.471111e-03 0.000000e+00)
38.05         	1.421668e-07	(0.000000e+00 1.471111e-03 0.000000e+00)
38.1          	1.418751e-07	(0.000000e+00 1.471111e-03 0.000000e+00)
38.15         	1.415656e-07	(0.000000e+00 1.471111e-03 0.000000e+00)
38.2          	1.412803e-07	(0.000000e+00 1.471111e-03 0.000000e+00)
38.25         	1.409910e-07	(0.000000e+00 1.471111e-03 0.000000e+00)
38.3          	1.406986e-07	(0.000000e+00 1.471111e-03 0.000000e+00)
38.35         	1.404147e-07	(0.000000e+00 1.471111e-03 0.000000e+00)
38.4          	1.401390e-07	(0.000000e+00 1.471111e-03 0.000000e+00)
38.45         	1.398803e-07	(0.000000e+00 1.471111e-03 0.000000e+00)
38.5          	1.396175e-07	(0.000000e+00 1.471111e-03 0.000000e+00)
38.55         	1.393531e-07	(0.000000e+00 1.471111e-03 0.000000e+00)
38.6          	1.390763e-07	(0.000000e+00 1.471111e-03 0.000000e+00)
38.65         	1.388125e-07	(0.000000e+00 1.471111e-03 0.000000e+00)
38.7          	1.385045e-07	(0.000000e+00 1.471111e-03 0.000000e+00)
38.75         	1.382126e-07	(0.000000e+00 1.471111e-03 0.000000e+00)
38.8          	1.379098e-07	(0.000000e+00 1.471111e-03 0.000000e+00)
38.85         	1.376668e-07	(0.000000e+00 1.471111e-03 0.000000e+00)
38.9          	1.374118e-07	(0.000000e+00 1.471111e-03 0.000000e+00)
38.95         	1.371563e-07	(0.000000e+00 1.471111e-03 0.000000e+00)
39            	1.368966e-07	(0.000000e+00 1.471111e-03 0.000000e+00)
39.05         	1.366480e-07	(0.000000e+00 1.471111e-03 0.000000e+00)
39.1          	1.363937e-07	(0.000000e+00 1.471111e-03 0.000000e+00)
39.15         	1.361666e-07	(0.000000e+00 1.471111e-03 0.000000e+00)
39.2          	1.359145e-07	(0.000000e+00 1.471111e-03 0.000000e+00)
39.25         	1.356780e-07	(0.000000e+00 1.471111e-03 0.000000e+00)
39.3          	1.354508e-07	(0.000000e+00 1.471111e-03 0.000000e+00)
39.35         	1.352345e-07	(0.000000e+00 1.471111e-03 0.000000e+00)
39.4          	1.350079e-07	(0.000000e+00 1.471111e-03 0.000000e+00)
39.45         	1.347823e-07	(0.000000e+00 1.471111e-03 0.000000e+00)
39.5          	1.345419e-07	(0.000000e+00 1.471111e-03 0.000000e+00)
39.55         	1.343369e-07	(0.000000e+00 1.471111e-03 0.000000e+00)
39.6          	1.341183e-07	(0.000000e+00 1.471111e-03 0.000000e+00)
39.65         	1.339211e-07	(0.000000e+00 1.471111e-03 0.000000e+00)
39.7          	1.337173e-07	(0.000000e+00 1.471111e-03 0.000000e+00)
39.75         	1.335061e-07	(0.000000e+00 1.471111e-03 0.000000e+00)
39.8          	1.333072e-07	(0.000000e+00 1.471111e-03 0.000000e+00)
39.85         	1.331048e-07	(0.000000e+00 1.471111e-03 0.000000e+00)
39.9          	1.329054e-07	(0.000000e+00 1.471111e-03 0.000000e+00)
39.95         	1.327091e-07	(0.000000e+00 1.471111e-03 0.000000e+00)
40            	1.325196e-07	(0.000000e+00 1.471111e-03 0.000000e+00)
40.05         	1.323374e-07	(0.000000e+00 1.471111e-03 0.000000e+00)
40.1          	1.321561e-07	(0.000000e+00 1.471111e-03 0.000000e+00)
40.15         	1.319571e-07	(0.000000e+00 1.471111e-03 0.000000e+00)
40.2          	1.318054e-07	(0.000000e+00 1.471111e-03 0.000000e+00)
40.25         	1.316361e-07	(0.000000e+00 1.471111e-03 0.000000e+00)
40.3          	1.314536e-07	(0.000000e+00 1.471111e-03 0.000000e+00)
40.35         	1.312676e-07	(0.000000e+00 1.471111e-03 0.000000e+00)
40.4          	1.310803e-07	(0.000000e+00 1.471111e-03 0.000000e+00)
40.45         	1.309282e-07	(0.000000e+00 1.471111e-03 0.000000e+00)
40.5          	1.307712e-07	(0.000000e+00 1.471111e-03 0.000000e+00)
40.55         	1.306066e-07	(0.000000e+00 1.471111e-03 0.000000e+00)
40.6          	1.304604e-07	(0.000000e+00 1.471111e-03 0.000000e+00)
40.65         	1.303290e-07	(0.000000e+00 1.471111e-03 0.000000e+00)
40.7          	1.301928e-07	(0.000000e+00 1.471111e-03 0.000000e+00)
40.75         	1.300780e-07	(0.000000e+00 1.471111e-03 0.000000e+00)
40.8          	1.298378e-07	(0.000000e+00 1.471111e-03 0.000000e+00)
40.85         	1.296031e-07	(0.000000e+00 1.471111e-03 0.000000e+00)
40.9          	1.294731e-07	(0.000000e+00 1.471111e-03 0.000000e+00)
40.95         	1.293426e-07	(0.000000e+00 1.471111e-03 0.000000e+00)
41            	1.290913e-07	(0.000000e+00 1.471111e-03 0.000000e+00)
41.05         	1.289774e-07	(0.000000e+00 1.471111e-03 0.000000e+00)
41.1          	1.288706e-07	(0.000000e+00 1.471111e-03 0.000000e+00)
41.15         	1.287550e-07	(0.000000e+00 1.471111e-03 0.000000e+00)
41.2          	1.286069e-07	(0.000000e+00 1.471111e-03 0.000000e+00)
41.25         	1.284855e-07	(0.000000e+00 1.471111e-03 0.000000e+00)
41.3          	1.283558e-07	(0.000000e+00 1.471111e-03 0.000000e+00)
41.35         	1.282285e-07	(0.000000e+00 1.471111e-03 0.000000e+00)
41.4          	1.281083e-07	(0.000000e+00 1.471111e-03 0.000000e+00)
41.45         	1.279893e-07	(0.000000e+00 1.471111e-03 0.000000e+00)
41.5          	1.278522e-07	(0.000000e+00 1.471111e-03 0.000000e+00)
41.55         	1.277286e-07	(0.000000e+00 1.471111e-03 0.000000e+00)
41.6          	1.276062e-07	(0.000000e+00 1.471111e-03 0.000000e+00)
41.65         	1.274795e-07	(0.000000e+00 1.471111e-03 0.000000e+00)
41.7          	1.273550e-07	(0.000000e+00 1.471111e-03 0.000000e+00)
41.75         	1.272332e-07	(0.000000e+00 1.471111e-03 0.000000e+00)
41.8          	1.271202e-07	(0.000000e+00 1.471111e-03 0.000000e+00)
41.85         	1.269990e-07	(0.000000e+00 1.471111e-03 0.000000e+00)
41.9          	1.268897e-07	(0.000000e+00 1.471111e-03 0.000000e+00)
41.95         	1.267759e-07	(0.000000e+00 1.471111e-03 0.000000e+00)
42            	1.266790e-07	(0.000000e+00 1.471111e-03 0.000000e+00)
42.05         	1.265549e-07	(0.000000e+00 1.471111e-03 0.000000e+00)
42.1          	1.264602e-07	(0.000000e+00 1.471111e-03 0.000000e+00)
42.15         	1.263469e-07	(0.000000e+00 1.471111e-03 0.000000e+00)
42.2          	1.262358e-07	(0.000000e+00 1.471111e-03 0.000000e+00)
42.25         	1.261374e-07	(0.000000e+00 1.471111e-03 0.000000e+00)
42.3          	1.260450e-07	(0.000000e+00 1.471111e-03 0.000000e+00)
42.35         	1.259283e-07	(0.000000e+00 1.471111e-03 0.000000e+00)
42.4          	1.258425e-07	(0.000000e+00 1.471111e-03 0.000000e+00)
42.45         	1.257374e-07	(0.000000e+00 1.471111e-03 0.000000e+00)
42.5          	1.256367e-07	(0.000000e+00 1.471111e-03 0.000000e+00)
42.55         	1.255358e-07	(0.000000e+00 1.471111e-03 0.000000e+00)
42.6          	1.254487e-07	(0.000000e+00 1.471111e-03 0.000000e+00)
42.65         	1.253455e-07	(0.000000e+00 1.471111e-03 0.000000e+00)
42.7          	1.252562e-07	(0.000000e+00 1.471111e-03 0.000000e+00)
42.75         	1.251615e-07	(0.000000e+00 1.471111e-03 0.000000e+00)
42.8          	1.250889e-07	(0.000000e+00 1.471111e-03 0.000000e+00)
42.85         	1.250183e-07	(0.000000e+00 1.471111e-03 0.000000e+00)
42.9          	1.249384e-07	(0.000000e+00 1.471111e-03 0.000000e+00)
42.95         	1.248579e-07	(0.000000e+00 1.471111e-03 0.000000e+00)
43            	1.247755e-07	(0.000000e+00 1.471111e-03 0.000000e+00)
43.05         	1.247064e-07	(0.000000e+00 1.471111e-03 0.000000e+00)
43.1          	1.246162e-07	(0.000000e+00 1.471111e-03 0.000000e+00)
43.15         	1.245630e-07	(0.000000e+00 1.471111e-03 0.000000e+00)
43.2          	1.244953e-07	(0.000000e+00 1.471111e-03 0.000000e+00)
43.25         	1.244356e-07	(0.000000e+00 1.471111e-03 0.000000e+00)
43.3          	1.243287e-07	(0.000000e+00 1.471111e-03 0.000000e+00)
43.35         	1.242375e-07	(0.000000e+00 1.471111e-03 0.000000e+00)
43.4          	1.241581e-07	(0.000000e+00 1.471111e-03 0.000000e+00)
43.45         	1.240759e-07	(0.000000e+00 1.471111e-03 0.000000e+00)
43.5          	1.239978e-07	(0.000000e+00 1.471111e-03 0.000000e+00)
43.55         	1.239604e-07	(0.000000e+00 1.471111e-03 0.000000e+00)
43.6          	1.239049e-07	(0.000000e+00 1.471111e-03 0.000000e+00)
43.65         	1.237976e-07	(0.000000e+00 1.471111e-03 0.000000e+00)
43.7          	1.237889e-07	(0.000000e+00 1.471111e-03 0.000000e+00)
43.75         	1.238169e-07	(0.000000e+00 1.471111e-03 0.000000e+00)
43.8          	1.237993e-07	(0.000000e+00 1.471111e-03 0.000000e+00)
43.85         	1.233292e-07	(0.000000e+00 1.471111e-03 0.000000e+00)
43.9          	1.233710e-07	(0.000000e+00 1.471111e-03 0.000000e+00)
43.95         	1.233576e-07	(0.000000e+00 1.471111e-03 0.000000e+00)
44            	1.233007e-07	(0.000000e+00 1.471111e-03 0.000000e+00)
44.05         	1.232142e-07	(0.000000e+00 1.471111e-03 0.000000e+00)
44.1          	1.231444e-07	(0.000000e+00 1.471111e-03 0.000000e+00)
44.15         	1.230947e-07	(0.000000e+00 1.471111e-03 0.000000e+00)
44.2          	1.230544e-07	(0.000000e+00 1.471111e-03 0.000000e+00)
44.25         	1.229996e-07	(0.000000e+00 1.471111e-03 0.000000e+00)
44.3          	1.229445e-07	(0.000000e+00 1.471111e-03 0.000000e+00)
44.35         	1.228943e-07	(0.000000e+00 1.471111e-03 0.000000e+00)
44.4          	1.228527e-07	(0.000000e+00 1.471111e-03 0.000000e+00)
44.45         	1.227806e-07	(0.000000e+00 1.471111e-03 0.000000e+00)
44.5          	1.227287e-07	(0.000000e+00 1.471111e-03 0.000000e+00)
44.55         	1.226809e-07	(0.000000e+00 1.471111e-03 0.000000e+00)
44.6          	1.226408e-07	(0.000000e+00 1.471111e-03 0.000000e+00)
