# Selection   : patch(inlet)
# Faces       : 1369
# Area        : 1.408977e-02
# Time        	areaAverage(p)	areaAverage(U)
0             	0.000000e+00	(0.000000e+00 2.000000e-03 0.000000e+00)
1e-06         	3.839452e+02	(0.000000e+00 1.469717e-03 0.000000e+00)
2e-06         	-2.257735e+01	(0.000000e+00 1.469717e-03 0.000000e+00)
3e-06         	-4.826834e+00	(0.000000e+00 1.469717e-03 0.000000e+00)
4e-06         	-1.712047e+00	(0.000000e+00 1.469717e-03 0.000000e+00)
5e-06         	-4.908063e-01	(0.000000e+00 1.469717e-03 0.000000e+00)
6e-06         	8.817482e-02	(0.000000e+00 1.469717e-03 0.000000e+00)
7e-06         	3.638750e-01	(0.000000e+00 1.469717e-03 0.000000e+00)
8e-06         	4.856300e-01	(0.000000e+00 1.469717e-03 0.000000e+00)
9e-06         	5.279275e-01	(0.000000e+00 1.469717e-03 0.000000e+00)
1e-05         	5.256741e-01	(0.000000e+00 1.469717e-03 0.000000e+00)
1.1e-05       	5.037568e-01	(0.000000e+00 1.469717e-03 0.000000e+00)
1.2e-05       	4.725745e-01	(0.000000e+00 1.469717e-03 0.000000e+00)
1.3e-05       	4.381933e-01	(0.000000e+00 1.469717e-03 0.000000e+00)
1.4e-05       	4.037064e-01	(0.000000e+00 1.469717e-03 0.000000e+00)
1.5e-05       	3.707733e-01	(0.000000e+00 1.469717e-03 0.000000e+00)
1.6e-05       	3.401807e-01	(0.000000e+00 1.469717e-03 0.000000e+00)
1.7e-05       	3.122038e-01	(0.000000e+00 1.469717e-03 0.000000e+00)
1.8e-05       	2.868567e-01	(0.000000e+00 1.469717e-03 0.000000e+00)
1.9e-05       	2.640105e-01	(0.000000e+00 1.469717e-03 0.000000e+00)
2e-05         	2.434564e-01	(0.000000e+00 1.469717e-03 0.000000e+00)
2.1e-05       	2.249949e-01	(0.000000e+00 1.469717e-03 0.000000e+00)
2.2e-05       	2.084097e-01	(0.000000e+00 1.469717e-03 0.000000e+00)
2.3e-05       	1.934416e-01	(0.000000e+00 1.469717e-03 0.000000e+00)
2.4e-05       	1.799612e-01	(0.000000e+00 1.469717e-03 0.000000e+00)
2.5e-05       	1.677754e-01	(0.000000e+00 1.469717e-03 0.000000e+00)
2.6e-05       	1.567363e-01	(0.000000e+00 1.469717e-03 0.000000e+00)
2.7e-05       	1.467129e-01	(0.000000e+00 1.469717e-03 0.000000e+00)
2.8e-05       	1.375894e-01	(0.000000e+00 1.469717e-03 0.000000e+00)
2.9e-05       	1.292654e-01	(0.000000e+00 1.469717e-03 0.000000e+00)
3e-05         	1.216508e-01	(0.000000e+00 1.469717e-03 0.000000e+00)
3.1e-05       	1.146725e-01	(0.000000e+00 1.469717e-03 0.000000e+00)
3.2e-05       	1.082632e-01	(0.000000e+00 1.469717e-03 0.000000e+00)
3.3e-05       	1.023643e-01	(0.000000e+00 1.469717e-03 0.000000e+00)
3.4e-05       	9.692210e-02	(0.000000e+00 1.469717e-03 0.000000e+00)
3.5e-05       	9.189221e-02	(0.000000e+00 1.469717e-03 0.000000e+00)
3.6e-05       	8.723353e-02	(0.000000e+00 1.469717e-03 0.000000e+00)
3.7e-05       	8.291412e-02	(0.000000e+00 1.469717e-03 0.000000e+00)
3.8e-05       	7.889905e-02	(0.000000e+00 1.469717e-03 0.000000e+00)
3.9e-05       	7.516414e-02	(0.000000e+00 1.469717e-03 0.000000e+00)
4e-05         	7.168298e-02	(0.000000e+00 1.469717e-03 0.000000e+00)
4.1e-05       	6.843329e-02	(0.000000e+00 1.469717e-03 0.000000e+00)
4.2e-05       	6.539645e-02	(0.000000e+00 1.469717e-03 0.000000e+00)
4.3e-05       	6.255298e-02	(0.000000e+00 1.469717e-03 0.000000e+00)
4.4e-05       	5.988965e-02	(0.000000e+00 1.469717e-03 0.000000e+00)
4.5e-05       	5.739189e-02	(0.000000e+00 1.469717e-03 0.000000e+00)
4.6e-05       	5.504459e-02	(0.000000e+00 1.469717e-03 0.000000e+00)
4.7e-05       	5.283819e-02	(0.000000e+00 1.469717e-03 0.000000e+00)
4.8e-05       	5.076059e-02	(0.000000e+00 1.469717e-03 0.000000e+00)
4.9e-05       	4.880282e-02	(0.000000e+00 1.469717e-03 0.000000e+00)
5e-05         	4.695436e-02	(0.000000e+00 1.469717e-03 0.000000e+00)
5.1e-05       	4.521022e-02	(0.000000e+00 1.469717e-03 0.000000e+00)
5.2e-05       	4.356108e-02	(0.000000e+00 1.469717e-03 0.000000e+00)
5.3e-05       	4.200105e-02	(0.000000e+00 1.469717e-03 0.000000e+00)
5.4e-05       	4.052413e-02	(0.000000e+00 1.469717e-03 0.000000e+00)
5.5e-05       	3.912507e-02	(0.000000e+00 1.469717e-03 0.000000e+00)
5.6e-05       	3.779785e-02	(0.000000e+00 1.469717e-03 0.000000e+00)
5.7e-05       	3.653776e-02	(0.000000e+00 1.469717e-03 0.000000e+00)
5.8e-05       	3.534121e-02	(0.000000e+00 1.469717e-03 0.000000e+00)
5.9e-05       	3.420356e-02	(0.000000e+00 1.469717e-03 0.000000e+00)
6e-05         	3.312581e-02	(0.000000e+00 1.469717e-03 0.000000e+00)
6.1e-05       	3.209056e-02	(0.000000e+00 1.469717e-03 0.000000e+00)
6.2e-05       	3.110928e-02	(0.000000e+00 1.469717e-03 0.000000e+00)
6.3e-05       	3.017429e-02	(0.000000e+00 1.469717e-03 0.000000e+00)
6.4e-05       	2.928260e-02	(0.000000e+00 1.469717e-03 0.000000e+00)
6.5e-05       	2.843209e-02	(0.000000e+00 1.469717e-03 0.000000e+00)
6.6e-05       	2.761965e-02	(0.000000e+00 1.469717e-03 0.000000e+00)
6.7e-05       	2.684311e-02	(0.000000e+00 1.469717e-03 0.000000e+00)
6.8e-05       	2.610126e-02	(0.000000e+00 1.469717e-03 0.000000e+00)
6.9e-05       	2.539188e-02	(0.000000e+00 1.469717e-03 0.000000e+00)
7e-05         	2.471273e-02	(0.000000e+00 1.469717e-03 0.000000e+00)
7.1e-05       	2.406221e-02	(0.000000e+00 1.469717e-03 0.000000e+00)
7.2e-05       	2.343933e-02	(0.000000e+00 1.469717e-03 0.000000e+00)
7.3e-05       	2.284228e-02	(0.000000e+00 1.469717e-03 0.000000e+00)
7.4e-05       	2.226971e-02	(0.000000e+00 1.469717e-03 0.000000e+00)
7.5e-05       	2.172060e-02	(0.000000e+00 1.469717e-03 0.000000e+00)
7.6e-05       	2.119352e-02	(0.000000e+00 1.469717e-03 0.000000e+00)
7.7e-05       	2.068765e-02	(0.000000e+00 1.469717e-03 0.000000e+00)
7.8e-05       	2.020140e-02	(0.000000e+00 1.469717e-03 0.000000e+00)
7.9e-05       	1.973438e-02	(0.000000e+00 1.469717e-03 0.000000e+00)
8e-05         	1.928541e-02	(0.000000e+00 1.469717e-03 0.000000e+00)
8.1e-05       	1.885368e-02	(0.000000e+00 1.469717e-03 0.000000e+00)
8.2e-05       	1.843841e-02	(0.000000e+00 1.469717e-03 0.000000e+00)
8.3e-05       	1.803852e-02	(0.000000e+00 1.469717e-03 0.000000e+00)
8.4e-05       	1.765352e-02	(0.000000e+00 1.469717e-03 0.000000e+00)
8.5e-05       	1.728277e-02	(0.000000e+00 1.469717e-03 0.000000e+00)
8.6e-05       	1.692575e-02	(0.000000e+00 1.469717e-03 0.000000e+00)
8.7e-05       	1.658153e-02	(0.000000e+00 1.469717e-03 0.000000e+00)
8.8e-05       	1.624963e-02	(0.000000e+00 1.469717e-03 0.000000e+00)
8.9e-05       	1.592950e-02	(0.000000e+00 1.469717e-03 0.000000e+00)
9e-05         	1.562078e-02	(0.000000e+00 1.469717e-03 0.000000e+00)
9.1e-05       	1.532250e-02	(0.000000e+00 1.469717e-03 0.000000e+00)
9.2e-05       	1.503479e-02	(0.000000e+00 1.469717e-03 0.000000e+00)
9.3e-05       	1.475721e-02	(0.000000e+00 1.469717e-03 0.000000e+00)
9.4e-05       	1.448901e-02	(0.000000e+00 1.469717e-03 0.000000e+00)
9.5e-05       	1.422997e-02	(0.000000e+00 1.469717e-03 0.000000e+00)
9.6e-05       	1.397950e-02	(0.000000e+00 1.469717e-03 0.000000e+00)
9.7e-05       	1.373739e-02	(0.000000e+00 1.469717e-03 0.000000e+00)
9.8e-05       	1.350314e-02	(0.000000e+00 1.469717e-03 0.000000e+00)
9.9e-05       	1.327656e-02	(0.000000e+00 1.469717e-03 0.000000e+00)
0.0001        	1.305750e-02	(0.000000e+00 1.469717e-03 0.000000e+00)
0.000101      	1.284538e-02	(0.000000e+00 1.469717e-03 0.000000e+00)
0.000102      	1.264007e-02	(0.000000e+00 1.469717e-03 0.000000e+00)
0.000103      	1.244128e-02	(0.000000e+00 1.469717e-03 0.000000e+00)
0.000104      	1.224884e-02	(0.000000e+00 1.469717e-03 0.000000e+00)
0.000105      	1.206235e-02	(0.000000e+00 1.469717e-03 0.000000e+00)
0.000106      	1.188167e-02	(0.000000e+00 1.469717e-03 0.000000e+00)
0.000107      	1.170651e-02	(0.000000e+00 1.469717e-03 0.000000e+00)
0.000108      	1.153669e-02	(0.000000e+00 1.469717e-03 0.000000e+00)
0.000109      	1.137198e-02	(0.000000e+00 1.469717e-03 0.000000e+00)
0.00011       	1.121225e-02	(0.000000e+00 1.469717e-03 0.000000e+00)
0.000111      	1.105729e-02	(0.000000e+00 1.469717e-03 0.000000e+00)
0.000112      	1.090702e-02	(0.000000e+00 1.469717e-03 0.000000e+00)
0.000113      	1.076118e-02	(0.000000e+00 1.469717e-03 0.000000e+00)
0.000114      	1.061959e-02	(0.000000e+00 1.469717e-03 0.000000e+00)
0.000115      	1.048215e-02	(0.000000e+00 1.469717e-03 0.000000e+00)
0.000116      	1.034872e-02	(0.000000e+00 1.469717e-03 0.000000e+00)
0.000117      	1.021919e-02	(0.000000e+00 1.469717e-03 0.000000e+00)
0.000118      	1.009331e-02	(0.000000e+00 1.469717e-03 0.000000e+00)
0.000119      	9.971022e-03	(0.000000e+00 1.469717e-03 0.000000e+00)
0.00012       	9.852216e-03	(0.000000e+00 1.469717e-03 0.000000e+00)
0.000121      	9.736733e-03	(0.000000e+00 1.469717e-03 0.000000e+00)
0.000122      	9.624464e-03	(0.000000e+00 1.469717e-03 0.000000e+00)
0.000123      	9.515323e-03	(0.000000e+00 1.469717e-03 0.000000e+00)
0.000124      	9.409205e-03	(0.000000e+00 1.469717e-03 0.000000e+00)
0.000125      	9.306007e-03	(0.000000e+00 1.469717e-03 0.000000e+00)
0.000126      	9.205591e-03	(0.000000e+00 1.469717e-03 0.000000e+00)
0.000127      	9.107893e-03	(0.000000e+00 1.469717e-03 0.000000e+00)
0.000128      	9.012812e-03	(0.000000e+00 1.469717e-03 0.000000e+00)
0.000129      	8.920271e-03	(0.000000e+00 1.469717e-03 0.000000e+00)
0.00013       	8.830207e-03	(0.000000e+00 1.469717e-03 0.000000e+00)
0.000131      	8.742525e-03	(0.000000e+00 1.469717e-03 0.000000e+00)
0.000132      	8.657130e-03	(0.000000e+00 1.469717e-03 0.000000e+00)
0.000133      	8.573967e-03	(0.000000e+00 1.469717e-03 0.000000e+00)
0.000134      	8.492972e-03	(0.000000e+00 1.469717e-03 0.000000e+00)
0.000135      	8.414051e-03	(0.000000e+00 1.469717e-03 0.000000e+00)
0.000136      	8.337179e-03	(0.000000e+00 1.469717e-03 0.000000e+00)
0.000137      	8.262258e-03	(0.000000e+00 1.469717e-03 0.000000e+00)
0.000138      	8.189235e-03	(0.000000e+00 1.469717e-03 0.000000e+00)
0.000139      	8.118073e-03	(0.000000e+00 1.469717e-03 0.000000e+00)
0.00014       	8.048685e-03	(0.000000e+00 1.469717e-03 0.000000e+00)
0.000141      	7.981034e-03	(0.000000e+00 1.469717e-03 0.000000e+00)
0.000142      	7.915044e-03	(0.000000e+00 1.469717e-03 0.000000e+00)
0.000143      	7.850695e-03	(0.000000e+00 1.469717e-03 0.000000e+00)
0.000144      	7.787901e-03	(0.000000e+00 1.469717e-03 0.000000e+00)
0.000145      	7.726658e-03	(0.000000e+00 1.469717e-03 0.000000e+00)
0.000146      	7.666896e-03	(0.000000e+00 1.469717e-03 0.000000e+00)
0.000147      	7.608572e-03	(0.000000e+00 1.469717e-03 0.000000e+00)
0.000148      	7.551619e-03	(0.000000e+00 1.469717e-03 0.000000e+00)
0.000149      	7.496035e-03	(0.000000e+00 1.469717e-03 0.000000e+00)
0.00015       	7.441782e-03	(0.000000e+00 1.469717e-03 0.000000e+00)
0.000151      	7.388794e-03	(0.000000e+00 1.469717e-03 0.000000e+00)
0.000152      	7.337067e-03	(0.000000e+00 1.469717e-03 0.000000e+00)
0.000153      	7.286544e-03	(0.000000e+00 1.469717e-03 0.000000e+00)
0.000154      	7.237208e-03	(0.000000e+00 1.469717e-03 0.000000e+00)
0.000155      	7.189002e-03	(0.000000e+00 1.469717e-03 0.000000e+00)
0.000156      	7.141905e-03	(0.000000e+00 1.469717e-03 0.000000e+00)
0.000157      	7.095876e-03	(0.000000e+00 1.469717e-03 0.000000e+00)
0.000158      	7.050893e-03	(0.000000e+00 1.469717e-03 0.000000e+00)
0.000159      	7.006913e-03	(0.000000e+00 1.469717e-03 0.000000e+00)
0.00016       	6.963912e-03	(0.000000e+00 1.469717e-03 0.000000e+00)
0.000161      	6.921876e-03	(0.000000e+00 1.469717e-03 0.000000e+00)
0.000162      	6.880791e-03	(0.000000e+00 1.469717e-03 0.000000e+00)
0.000163      	6.840619e-03	(0.000000e+00 1.469717e-03 0.000000e+00)
0.000164      	6.801317e-03	(0.000000e+00 1.469717e-03 0.000000e+00)
0.000165      	6.762865e-03	(0.000000e+00 1.469717e-03 0.000000e+00)
0.000166      	6.725261e-03	(0.000000e+00 1.469717e-03 0.000000e+00)
0.000167      	6.688474e-03	(0.000000e+00 1.469717e-03 0.000000e+00)
0.000168      	6.652498e-03	(0.000000e+00 1.469717e-03 0.000000e+00)
0.000169      	6.617288e-03	(0.000000e+00 1.469717e-03 0.000000e+00)
0.00017       	6.582837e-03	(0.000000e+00 1.469717e-03 0.000000e+00)
0.000171      	6.549087e-03	(0.000000e+00 1.469717e-03 0.000000e+00)
0.000172      	6.516054e-03	(0.000000e+00 1.469717e-03 0.000000e+00)
0.000173      	6.483703e-03	(0.000000e+00 1.469717e-03 0.000000e+00)
0.000174      	6.452035e-03	(0.000000e+00 1.469717e-03 0.000000e+00)
0.000175      	6.421025e-03	(0.000000e+00 1.469717e-03 0.000000e+00)
0.000176      	6.390645e-03	(0.000000e+00 1.469717e-03 0.000000e+00)
0.000177      	6.360895e-03	(0.000000e+00 1.469717e-03 0.000000e+00)
0.000178      	6.331746e-03	(0.000000e+00 1.469717e-03 0.000000e+00)
0.000179      	6.303198e-03	(0.000000e+00 1.469717e-03 0.000000e+00)
0.00018       	6.275220e-03	(0.000000e+00 1.469717e-03 0.000000e+00)
0.000181      	6.247812e-03	(0.000000e+00 1.469717e-03 0.000000e+00)
0.000182      	6.220954e-03	(0.000000e+00 1.469717e-03 0.000000e+00)
0.000183      	6.194604e-03	(0.000000e+00 1.469717e-03 0.000000e+00)
0.000184      	6.168777e-03	(0.000000e+00 1.469717e-03 0.000000e+00)
0.000185      	6.143473e-03	(0.000000e+00 1.469717e-03 0.000000e+00)
0.000186      	6.118664e-03	(0.000000e+00 1.469717e-03 0.000000e+00)
0.000187      	6.094336e-03	(0.000000e+00 1.469717e-03 0.000000e+00)
0.000188      	6.070476e-03	(0.000000e+00 1.469717e-03 0.000000e+00)
0.000189      	6.047073e-03	(0.000000e+00 1.469717e-03 0.000000e+00)
0.00019       	6.024097e-03	(0.000000e+00 1.469717e-03 0.000000e+00)
0.000191      	6.001579e-03	(0.000000e+00 1.469717e-03 0.000000e+00)
0.000192      	1.237610e-02	(0.000000e+00 1.469717e-03 0.000000e+00)
0.000193      	1.700026e-02	(0.000000e+00 1.469717e-03 0.000000e+00)
0.000194      	1.660986e-02	(0.000000e+00 1.469717e-03 0.000000e+00)
0.000195      	1.535620e-02	(0.000000e+00 1.469717e-03 0.000000e+00)
0.000196      	1.390643e-02	(0.000000e+00 1.469717e-03 0.000000e+00)
0.000197      	1.260998e-02	(0.000000e+00 1.469717e-03 0.000000e+00)
0.000198      	1.158311e-02	(0.000000e+00 1.469717e-03 0.000000e+00)
0.000199      	1.071989e-02	(0.000000e+00 1.469717e-03 0.000000e+00)
0.0002        	1.004337e-02	(0.000000e+00 1.469717e-03 0.000000e+00)
0.000201      	9.523000e-03	(0.000000e+00 1.469717e-03 0.000000e+00)
0.000202      	9.092926e-03	(0.000000e+00 1.469717e-03 0.000000e+00)
0.000203      	8.698926e-03	(0.000000e+00 1.469717e-03 0.000000e+00)
0.000204      	8.378933e-03	(0.000000e+00 1.469717e-03 0.000000e+00)
0.000205      	8.084440e-03	(0.000000e+00 1.469717e-03 0.000000e+00)
0.000206      	7.854686e-03	(0.000000e+00 1.469717e-03 0.000000e+00)
0.000207      	7.634173e-03	(0.000000e+00 1.469717e-03 0.000000e+00)
0.000208      	7.465658e-03	(0.000000e+00 1.469717e-03 0.000000e+00)
0.000209      	7.296549e-03	(0.000000e+00 1.469717e-03 0.000000e+00)
0.00021       	7.153756e-03	(0.000000e+00 1.469717e-03 0.000000e+00)
0.000211      	7.029751e-03	(0.000000e+00 1.469717e-03 0.000000e+00)
0.000212      	6.911853e-03	(0.000000e+00 1.469717e-03 0.000000e+00)
0.000213      	6.800572e-03	(0.000000e+00 1.469717e-03 0.000000e+00)
0.000214      	6.696106e-03	(0.000000e+00 1.469717e-03 0.000000e+00)
0.000215      	6.603175e-03	(0.000000e+00 1.469717e-03 0.000000e+00)
0.000216      	6.514849e-03	(0.000000e+00 1.469717e-03 0.000000e+00)
0.000217      	6.438515e-03	(0.000000e+00 1.469717e-03 0.000000e+00)
0.000218      	6.357093e-03	(0.000000e+00 1.469717e-03 0.000000e+00)
0.000219      	6.292911e-03	(0.000000e+00 1.469717e-03 0.000000e+00)
0.00022       	6.233351e-03	(0.000000e+00 1.469717e-03 0.000000e+00)
0.000221      	6.171759e-03	(0.000000e+00 1.469717e-03 0.000000e+00)
0.000222      	6.106778e-03	(0.000000e+00 1.469717e-03 0.000000e+00)
0.000223      	6.061471e-03	(0.000000e+00 1.469717e-03 0.000000e+00)
0.000224      	6.015093e-03	(0.000000e+00 1.469717e-03 0.000000e+00)
0.000225      	5.975957e-03	(0.000000e+00 1.469717e-03 0.000000e+00)
0.000226      	5.928126e-03	(0.000000e+00 1.469717e-03 0.000000e+00)
0.000227      	5.879382e-03	(0.000000e+00 1.469717e-03 0.000000e+00)
0.000228      	5.840862e-03	(0.000000e+00 1.469717e-03 0.000000e+00)
0.000229      	5.793390e-03	(0.000000e+00 1.469717e-03 0.000000e+00)
0.00023       	5.748877e-03	(0.000000e+00 1.469717e-03 0.000000e+00)
0.000231      	5.723854e-03	(0.000000e+00 1.469717e-03 0.000000e+00)
0.000232      	5.683785e-03	(0.000000e+00 1.469717e-03 0.000000e+00)
0.000233      	5.643500e-03	(0.000000e+00 1.469717e-03 0.000000e+00)
0.000234      	5.612940e-03	(0.000000e+00 1.469717e-03 0.000000e+00)
0.000235      	5.569928e-03	(0.000000e+00 1.469717e-03 0.000000e+00)
0.000236      	5.537054e-03	(0.000000e+00 1.469717e-03 0.000000e+00)
0.000237      	5.498101e-03	(0.000000e+00 1.469717e-03 0.000000e+00)
0.000238      	5.463267e-03	(0.000000e+00 1.469717e-03 0.000000e+00)
0.000239      	5.431370e-03	(0.000000e+00 1.469717e-03 0.000000e+00)
0.00024       	5.401820e-03	(0.000000e+00 1.469717e-03 0.000000e+00)
0.000241      	5.374121e-03	(0.000000e+00 1.469717e-03 0.000000e+00)
0.000242      	5.348005e-03	(0.000000e+00 1.469717e-03 0.000000e+00)
0.000243      	5.323656e-03	(0.000000e+00 1.469717e-03 0.000000e+00)
0.000244      	5.299865e-03	(0.000000e+00 1.469717e-03 0.000000e+00)
0.000245      	5.277583e-03	(0.000000e+00 1.469717e-03 0.000000e+00)
0.000246      	5.256306e-03	(0.000000e+00 1.469717e-03 0.000000e+00)
0.000247      	5.235939e-03	(0.000000e+00 1.469717e-03 0.000000e+00)
0.000248      	5.216405e-03	(0.000000e+00 1.469717e-03 0.000000e+00)
0.000249      	5.197632e-03	(0.000000e+00 1.469717e-03 0.000000e+00)
0.00025       	5.179567e-03	(0.000000e+00 1.469717e-03 0.000000e+00)
0.000251      	5.162157e-03	(0.000000e+00 1.469717e-03 0.000000e+00)
0.000252      	5.145354e-03	(0.000000e+00 1.469717e-03 0.000000e+00)
0.000253      	5.129114e-03	(0.000000e+00 1.469717e-03 0.000000e+00)
0.000254      	5.113397e-03	(0.000000e+00 1.469717e-03 0.000000e+00)
0.000255      	5.098187e-03	(0.000000e+00 1.469717e-03 0.000000e+00)
0.000256      	5.083432e-03	(0.000000e+00 1.469717e-03 0.000000e+00)
0.000257      	5.069115e-03	(0.000000e+00 1.469717e-03 0.000000e+00)
0.000258      	5.055218e-03	(0.000000e+00 1.469717e-03 0.000000e+00)
0.000259      	5.041711e-03	(0.000000e+00 1.469717e-03 0.000000e+00)
0.00026       	5.028580e-03	(0.000000e+00 1.469717e-03 0.000000e+00)
0.000261      	5.015822e-03	(0.000000e+00 1.469717e-03 0.000000e+00)
0.000262      	5.003369e-03	(0.000000e+00 1.469717e-03 0.000000e+00)
0.000263      	4.991232e-03	(0.000000e+00 1.469717e-03 0.000000e+00)
0.000264      	4.979399e-03	(0.000000e+00 1.469717e-03 0.000000e+00)
0.000265      	4.967870e-03	(0.000000e+00 1.469717e-03 0.000000e+00)
0.000266      	4.956595e-03	(0.000000e+00 1.469717e-03 0.000000e+00)
0.000267      	4.945609e-03	(0.000000e+00 1.469717e-03 0.000000e+00)
0.000268      	4.934884e-03	(0.000000e+00 1.469717e-03 0.000000e+00)
0.000269      	4.924401e-03	(0.000000e+00 1.469717e-03 0.000000e+00)
0.00027       	4.914144e-03	(0.000000e+00 1.469717e-03 0.000000e+00)
0.000271      	4.904102e-03	(0.000000e+00 1.469717e-03 0.000000e+00)
0.000272      	4.894291e-03	(0.000000e+00 1.469717e-03 0.000000e+00)
0.000273      	4.884687e-03	(0.000000e+00 1.469717e-03 0.000000e+00)
0.000274      	4.875292e-03	(0.000000e+00 1.469717e-03 0.000000e+00)
0.000275      	4.866082e-03	(0.000000e+00 1.469717e-03 0.000000e+00)
0.000276      	4.857061e-03	(0.000000e+00 1.469717e-03 0.000000e+00)
0.000277      	4.848204e-03	(0.000000e+00 1.469717e-03 0.000000e+00)
0.000278      	4.839528e-03	(0.000000e+00 1.469717e-03 0.000000e+00)
0.000279      	4.831036e-03	(0.000000e+00 1.469717e-03 0.000000e+00)
0.00028       	4.822692e-03	(0.000000e+00 1.469717e-03 0.000000e+00)
0.000281      	4.814764e-03	(0.000000e+00 1.469717e-03 0.000000e+00)
0.000282      	4.806465e-03	(0.000000e+00 1.469717e-03 0.000000e+00)
0.000283      	4.798597e-03	(0.000000e+00 1.469717e-03 0.000000e+00)
0.000284      	4.790841e-03	(0.000000e+00 1.469717e-03 0.000000e+00)
0.000285      	4.783220e-03	(0.000000e+00 1.469717e-03 0.000000e+00)
0.000286      	4.775725e-03	(0.000000e+00 1.469717e-03 0.000000e+00)
0.000287      	4.768371e-03	(0.000000e+00 1.469717e-03 0.000000e+00)
0.000288      	4.761163e-03	(0.000000e+00 1.469717e-03 0.000000e+00)
0.000289      	4.754045e-03	(0.000000e+00 1.469717e-03 0.000000e+00)
0.00029       	4.747059e-03	(0.000000e+00 1.469717e-03 0.000000e+00)
0.000291      	4.740185e-03	(0.000000e+00 1.469717e-03 0.000000e+00)
0.000292      	4.733438e-03	(0.000000e+00 1.469717e-03 0.000000e+00)
0.000293      	4.726786e-03	(0.000000e+00 1.469717e-03 0.000000e+00)
0.000294      	4.720242e-03	(0.000000e+00 1.469717e-03 0.000000e+00)
0.000295      	4.713799e-03	(0.000000e+00 1.469717e-03 0.000000e+00)
0.000296      	4.707454e-03	(0.000000e+00 1.469717e-03 0.000000e+00)
0.000297      	4.701210e-03	(0.000000e+00 1.469717e-03 0.000000e+00)
0.000298      	4.695064e-03	(0.000000e+00 1.469717e-03 0.000000e+00)
0.000299      	4.689021e-03	(0.000000e+00 1.469717e-03 0.000000e+00)
0.0003        	4.683065e-03	(0.000000e+00 1.469717e-03 0.000000e+00)
0.000301      	4.677182e-03	(0.000000e+00 1.469717e-03 0.000000e+00)
0.000302      	4.671389e-03	(0.000000e+00 1.469717e-03 0.000000e+00)
0.000303      	4.665682e-03	(0.000000e+00 1.469717e-03 0.000000e+00)
0.000304      	4.660065e-03	(0.000000e+00 1.469717e-03 0.000000e+00)
0.000305      	4.654522e-03	(0.000000e+00 1.469717e-03 0.000000e+00)
0.000306      	4.649057e-03	(0.000000e+00 1.469717e-03 0.000000e+00)
0.000307      	4.643681e-03	(0.000000e+00 1.469717e-03 0.000000e+00)
0.000308      	4.638362e-03	(0.000000e+00 1.469717e-03 0.000000e+00)
0.000309      	4.633122e-03	(0.000000e+00 1.469717e-03 0.000000e+00)
0.00031       	4.627945e-03	(0.000000e+00 1.469717e-03 0.000000e+00)
0.000311      	4.622838e-03	(0.000000e+00 1.469717e-03 0.000000e+00)
0.000312      	4.617806e-03	(0.000000e+00 1.469717e-03 0.000000e+00)
0.000313      	4.612829e-03	(0.000000e+00 1.469717e-03 0.000000e+00)
0.000314      	4.607923e-03	(0.000000e+00 1.469717e-03 0.000000e+00)
0.000315      	4.603080e-03	(0.000000e+00 1.469717e-03 0.000000e+00)
0.000316      	4.598300e-03	(0.000000e+00 1.469717e-03 0.000000e+00)
0.000317      	4.593575e-03	(0.000000e+00 1.469717e-03 0.000000e+00)
0.000318      	4.588911e-03	(0.000000e+00 1.469717e-03 0.000000e+00)
0.000319      	4.584312e-03	(0.000000e+00 1.469717e-03 0.000000e+00)
0.00032       	4.579770e-03	(0.000000e+00 1.469717e-03 0.000000e+00)
0.000321      	4.575278e-03	(0.000000e+00 1.469717e-03 0.000000e+00)
0.000322      	4.570833e-03	(0.000000e+00 1.469717e-03 0.000000e+00)
0.000323      	4.566456e-03	(0.000000e+00 1.469717e-03 0.000000e+00)
0.000324      	4.562117e-03	(0.000000e+00 1.469717e-03 0.000000e+00)
0.000325      	4.557828e-03	(0.000000e+00 1.469717e-03 0.000000e+00)
0.000326      	4.553594e-03	(0.000000e+00 1.469717e-03 0.000000e+00)
0.000327      	4.549409e-03	(0.000000e+00 1.469717e-03 0.000000e+00)
0.000328      	4.545271e-03	(0.000000e+00 1.469717e-03 0.000000e+00)
0.000329      	4.541185e-03	(0.000000e+00 1.469717e-03 0.000000e+00)
0.00033       	4.537151e-03	(0.000000e+00 1.469717e-03 0.000000e+00)
0.000331      	4.533159e-03	(0.000000e+00 1.469717e-03 0.000000e+00)
0.000332      	4.529211e-03	(0.000000e+00 1.469717e-03 0.000000e+00)
0.000333      	4.525304e-03	(0.000000e+00 1.469717e-03 0.000000e+00)
0.000334      	4.521437e-03	(0.000000e+00 1.469717e-03 0.000000e+00)
0.000335      	4.517619e-03	(0.000000e+00 1.469717e-03 0.000000e+00)
0.000336      	4.513842e-03	(0.000000e+00 1.469717e-03 0.000000e+00)
0.000337      	4.510096e-03	(0.000000e+00 1.469717e-03 0.000000e+00)
0.000338      	4.506396e-03	(0.000000e+00 1.469717e-03 0.000000e+00)
0.000339      	4.502741e-03	(0.000000e+00 1.469717e-03 0.000000e+00)
0.00034       	4.499121e-03	(0.000000e+00 1.469717e-03 0.000000e+00)
0.000341      	4.495537e-03	(0.000000e+00 1.469717e-03 0.000000e+00)
0.000342      	4.491990e-03	(0.000000e+00 1.469717e-03 0.000000e+00)
0.000343      	4.488474e-03	(0.000000e+00 1.469717e-03 0.000000e+00)
0.000344      	4.484995e-03	(0.000000e+00 1.469717e-03 0.000000e+00)
0.000345      	4.481552e-03	(0.000000e+00 1.469717e-03 0.000000e+00)
0.000346      	4.478140e-03	(0.000000e+00 1.469717e-03 0.000000e+00)
0.000347      	4.474764e-03	(0.000000e+00 1.469717e-03 0.000000e+00)
0.000348      	4.471422e-03	(0.000000e+00 1.469717e-03 0.000000e+00)
0.000349      	4.468112e-03	(0.000000e+00 1.469717e-03 0.000000e+00)
0.00035       	4.464831e-03	(0.000000e+00 1.469717e-03 0.000000e+00)
0.000351      	4.461582e-03	(0.000000e+00 1.469717e-03 0.000000e+00)
0.000352      	4.458369e-03	(0.000000e+00 1.469717e-03 0.000000e+00)
0.000353      	4.455185e-03	(0.000000e+00 1.469717e-03 0.000000e+00)
0.000354      	4.452029e-03	(0.000000e+00 1.469717e-03 0.000000e+00)
0.000355      	4.448896e-03	(0.000000e+00 1.469717e-03 0.000000e+00)
0.000356      	4.445800e-03	(0.000000e+00 1.469717e-03 0.000000e+00)
0.000357      	4.442728e-03	(0.000000e+00 1.469717e-03 0.000000e+00)
0.000358      	4.439689e-03	(0.000000e+00 1.469717e-03 0.000000e+00)
0.000359      	4.436681e-03	(0.000000e+00 1.469717e-03 0.000000e+00)
0.00036       	4.433705e-03	(0.000000e+00 1.469717e-03 0.000000e+00)
0.000361      	4.430750e-03	(0.000000e+00 1.469717e-03 0.000000e+00)
0.000362      	4.427815e-03	(0.000000e+00 1.469717e-03 0.000000e+00)
0.000363      	4.424909e-03	(0.000000e+00 1.469717e-03 0.000000e+00)
0.000364      	4.422034e-03	(0.000000e+00 1.469717e-03 0.000000e+00)
0.000365      	4.419181e-03	(0.000000e+00 1.469717e-03 0.000000e+00)
0.000366      	4.416353e-03	(0.000000e+00 1.469717e-03 0.000000e+00)
0.000367      	4.413547e-03	(0.000000e+00 1.469717e-03 0.000000e+00)
0.000368      	4.410770e-03	(0.000000e+00 1.469717e-03 0.000000e+00)
0.000369      	4.408020e-03	(0.000000e+00 1.469717e-03 0.000000e+00)
0.00037       	4.405289e-03	(0.000000e+00 1.469717e-03 0.000000e+00)
0.000371      	4.402580e-03	(0.000000e+00 1.469717e-03 0.000000e+00)
0.000372      	4.399894e-03	(0.000000e+00 1.469717e-03 0.000000e+00)
0.000373      	4.397233e-03	(0.000000e+00 1.469717e-03 0.000000e+00)
0.000374      	4.394581e-03	(0.000000e+00 1.469717e-03 0.000000e+00)
0.000375      	4.391958e-03	(0.000000e+00 1.469717e-03 0.000000e+00)
0.000376      	4.389359e-03	(0.000000e+00 1.469717e-03 0.000000e+00)
0.000377      	4.386780e-03	(0.000000e+00 1.469717e-03 0.000000e+00)
0.000378      	4.384222e-03	(0.000000e+00 1.469717e-03 0.000000e+00)
0.000379      	4.381686e-03	(0.000000e+00 1.469717e-03 0.000000e+00)
0.00038       	4.379167e-03	(0.000000e+00 1.469717e-03 0.000000e+00)
0.000381      	4.376668e-03	(0.000000e+00 1.469717e-03 0.000000e+00)
0.000382      	4.374182e-03	(0.000000e+00 1.469717e-03 0.000000e+00)
0.000383      	4.371720e-03	(0.000000e+00 1.469717e-03 0.000000e+00)
0.000384      	4.369277e-03	(0.000000e+00 1.469717e-03 0.000000e+00)
0.000385      	4.366854e-03	(0.000000e+00 1.469717e-03 0.000000e+00)
0.000386      	4.364459e-03	(0.000000e+00 1.469717e-03 0.000000e+00)
0.000387      	4.362069e-03	(0.000000e+00 1.469717e-03 0.000000e+00)
0.000388      	4.359698e-03	(0.000000e+00 1.469717e-03 0.000000e+00)
0.000389      	4.357347e-03	(0.000000e+00 1.469717e-03 0.000000e+00)
0.00039       	4.355016e-03	(0.000000e+00 1.469717e-03 0.000000e+00)
0.000391      	4.352698e-03	(0.000000e+00 1.469717e-03 0.000000e+00)
0.000392      	4.350398e-03	(0.000000e+00 1.469717e-03 0.000000e+00)
0.000393      	4.348116e-03	(0.000000e+00 1.469717e-03 0.000000e+00)
0.000394      	4.345850e-03	(0.000000e+00 1.469717e-03 0.000000e+00)
0.000395      	4.343593e-03	(0.000000e+00 1.469717e-03 0.000000e+00)
0.000396      	4.341357e-03	(0.000000e+00 1.469717e-03 0.000000e+00)
0.000397      	4.339138e-03	(0.000000e+00 1.469717e-03 0.000000e+00)
0.000398      	4.336939e-03	(0.000000e+00 1.469717e-03 0.000000e+00)
0.000399      	4.334750e-03	(0.000000e+00 1.469717e-03 0.000000e+00)
0.0004        	4.332583e-03	(0.000000e+00 1.469717e-03 0.000000e+00)
0.000401      	4.330427e-03	(0.000000e+00 1.469717e-03 0.000000e+00)
0.000402      	4.328287e-03	(0.000000e+00 1.469717e-03 0.000000e+00)
0.000403      	4.326165e-03	(0.000000e+00 1.469717e-03 0.000000e+00)
0.000404      	4.324049e-03	(0.000000e+00 1.469717e-03 0.000000e+00)
0.000405      	4.321957e-03	(0.000000e+00 1.469717e-03 0.000000e+00)
0.000406      	4.319872e-03	(0.000000e+00 1.469717e-03 0.000000e+00)
0.000407      	4.317804e-03	(0.000000e+00 1.469717e-03 0.000000e+00)
0.000408      	4.315750e-03	(0.000000e+00 1.469717e-03 0.000000e+00)
0.000409      	4.313704e-03	(0.000000e+00 1.469717e-03 0.000000e+00)
0.00041       	4.311676e-03	(0.000000e+00 1.469717e-03 0.000000e+00)
0.000411      	4.309658e-03	(0.000000e+00 1.469717e-03 0.000000e+00)
0.000412      	4.307659e-03	(0.000000e+00 1.469717e-03 0.000000e+00)
0.000413      	4.305669e-03	(0.000000e+00 1.469717e-03 0.000000e+00)
0.000414      	4.303697e-03	(0.000000e+00 1.469717e-03 0.000000e+00)
0.000415      	4.301737e-03	(0.000000e+00 1.469717e-03 0.000000e+00)
0.000416      	4.299786e-03	(0.000000e+00 1.469717e-03 0.000000e+00)
0.000417      	4.297844e-03	(0.000000e+00 1.469717e-03 0.000000e+00)
0.000418      	4.295919e-03	(0.000000e+00 1.469717e-03 0.000000e+00)
0.000419      	4.294002e-03	(0.000000e+00 1.469717e-03 0.000000e+00)
0.00042       	4.292095e-03	(0.000000e+00 1.469717e-03 0.000000e+00)
0.000421      	4.290200e-03	(0.000000e+00 1.469717e-03 0.000000e+00)
0.000422      	4.288313e-03	(0.000000e+00 1.469717e-03 0.000000e+00)
0.000423      	4.286450e-03	(0.000000e+00 1.469717e-03 0.000000e+00)
0.000424      	4.284588e-03	(0.000000e+00 1.469717e-03 0.000000e+00)
0.000425      	4.282742e-03	(0.000000e+00 1.469717e-03 0.000000e+00)
0.000426      	4.280909e-03	(0.000000e+00 1.469717e-03 0.000000e+00)
0.000427      	4.279079e-03	(0.000000e+00 1.469717e-03 0.000000e+00)
0.000428      	4.277265e-03	(0.000000e+00 1.469717e-03 0.000000e+00)
0.000429      	4.275461e-03	(0.000000e+00 1.469717e-03 0.000000e+00)
0.00043       	4.273668e-03	(0.000000e+00 1.469717e-03 0.000000e+00)
0.000431      	4.271885e-03	(0.000000e+00 1.469717e-03 0.000000e+00)
0.000432      	4.270117e-03	(0.000000e+00 1.469717e-03 0.000000e+00)
0.000433      	4.268355e-03	(0.000000e+00 1.469717e-03 0.000000e+00)
0.000434      	4.266605e-03	(0.000000e+00 1.469717e-03 0.000000e+00)
0.000435      	4.264863e-03	(0.000000e+00 1.469717e-03 0.000000e+00)
0.000436      	4.263133e-03	(0.000000e+00 1.469717e-03 0.000000e+00)
0.000437      	4.261418e-03	(0.000000e+00 1.469717e-03 0.000000e+00)
0.000438      	4.259706e-03	(0.000000e+00 1.469717e-03 0.000000e+00)
0.000439      	4.258005e-03	(0.000000e+00 1.469717e-03 0.000000e+00)
0.00044       	4.256307e-03	(0.000000e+00 1.469717e-03 0.000000e+00)
0.000441      	4.254628e-03	(0.000000e+00 1.469717e-03 0.000000e+00)
0.000442      	4.252956e-03	(0.000000e+00 1.469717e-03 0.000000e+00)
0.000443      	4.251291e-03	(0.000000e+00 1.469717e-03 0.000000e+00)
0.000444      	4.249632e-03	(0.000000e+00 1.469717e-03 0.000000e+00)
0.000445      	4.247983e-03	(0.000000e+00 1.469717e-03 0.000000e+00)
0.000446      	4.246343e-03	(0.000000e+00 1.469717e-03 0.000000e+00)
0.000447      	4.244714e-03	(0.000000e+00 1.469717e-03 0.000000e+00)
0.000448      	4.243093e-03	(0.000000e+00 1.469717e-03 0.000000e+00)
0.000449      	4.241479e-03	(0.000000e+00 1.469717e-03 0.000000e+00)
0.00045       	4.239875e-03	(0.000000e+00 1.469717e-03 0.000000e+00)
0.000451      	4.238282e-03	(0.000000e+00 1.469717e-03 0.000000e+00)
0.000452      	4.236695e-03	(0.000000e+00 1.469717e-03 0.000000e+00)
0.000453      	4.235115e-03	(0.000000e+00 1.469717e-03 0.000000e+00)
0.000454      	4.233538e-03	(0.000000e+00 1.469717e-03 0.000000e+00)
0.000455      	4.231985e-03	(0.000000e+00 1.469717e-03 0.000000e+00)
0.000456      	4.230425e-03	(0.000000e+00 1.469717e-03 0.000000e+00)
0.000457      	4.228883e-03	(0.000000e+00 1.469717e-03 0.000000e+00)
0.000458      	4.227350e-03	(0.000000e+00 1.469717e-03 0.000000e+00)
0.000459      	4.225813e-03	(0.000000e+00 1.469717e-03 0.000000e+00)
0.00046       	4.224293e-03	(0.000000e+00 1.469717e-03 0.000000e+00)
0.000461      	4.222780e-03	(0.000000e+00 1.469717e-03 0.000000e+00)
0.000462      	4.221277e-03	(0.000000e+00 1.469717e-03 0.000000e+00)
0.000463      	4.219776e-03	(0.000000e+00 1.469717e-03 0.000000e+00)
0.000464      	4.218288e-03	(0.000000e+00 1.469717e-03 0.000000e+00)
0.000465      	4.216808e-03	(0.000000e+00 1.469717e-03 0.000000e+00)
0.000466      	4.215335e-03	(0.000000e+00 1.469717e-03 0.000000e+00)
0.000467      	4.213864e-03	(0.000000e+00 1.469717e-03 0.000000e+00)
0.000468      	4.212404e-03	(0.000000e+00 1.469717e-03 0.000000e+00)
0.000469      	4.210953e-03	(0.000000e+00 1.469717e-03 0.000000e+00)
0.00047       	4.209508e-03	(0.000000e+00 1.469717e-03 0.000000e+00)
0.000471      	4.208066e-03	(0.000000e+00 1.469717e-03 0.000000e+00)
0.000472      	4.206633e-03	(0.000000e+00 1.469717e-03 0.000000e+00)
0.000473      	4.205207e-03	(0.000000e+00 1.469717e-03 0.000000e+00)
0.000474      	4.203932e-03	(0.000000e+00 1.469717e-03 0.000000e+00)
0.000475      	4.202219e-03	(0.000000e+00 1.469717e-03 0.000000e+00)
0.000476      	4.201106e-03	(0.000000e+00 1.469717e-03 0.000000e+00)
0.000477      	4.199412e-03	(0.000000e+00 1.469717e-03 0.000000e+00)
0.000478      	4.198307e-03	(0.000000e+00 1.469717e-03 0.000000e+00)
0.000479      	4.196637e-03	(0.000000e+00 1.469717e-03 0.000000e+00)
0.00048       	4.195550e-03	(0.000000e+00 1.469717e-03 0.000000e+00)
0.000481      	4.193887e-03	(0.000000e+00 1.469717e-03 0.000000e+00)
0.000482      	4.192810e-03	(0.000000e+00 1.469717e-03 0.000000e+00)
0.000483      	4.191317e-03	(0.000000e+00 1.469717e-03 0.000000e+00)
0.000484      	4.189957e-03	(0.000000e+00 1.469717e-03 0.000000e+00)
0.000485      	4.188614e-03	(0.000000e+00 1.469717e-03 0.000000e+00)
0.000486      	4.187272e-03	(0.000000e+00 1.469717e-03 0.000000e+00)
0.000487      	4.185935e-03	(0.000000e+00 1.469717e-03 0.000000e+00)
0.000488      	4.184607e-03	(0.000000e+00 1.469717e-03 0.000000e+00)
0.000489      	4.183285e-03	(0.000000e+00 1.469717e-03 0.000000e+00)
0.00049       	4.181970e-03	(0.000000e+00 1.469717e-03 0.000000e+00)
0.000491      	4.180656e-03	(0.000000e+00 1.469717e-03 0.000000e+00)
0.000492      	4.179352e-03	(0.000000e+00 1.469717e-03 0.000000e+00)
0.000493      	4.178051e-03	(0.000000e+00 1.469717e-03 0.000000e+00)
0.000494      	4.176760e-03	(0.000000e+00 1.469717e-03 0.000000e+00)
0.000495      	4.175472e-03	(0.000000e+00 1.469717e-03 0.000000e+00)
0.000496      	4.174189e-03	(0.000000e+00 1.469717e-03 0.000000e+00)
0.000497      	4.172912e-03	(0.000000e+00 1.469717e-03 0.000000e+00)
0.000498      	4.171639e-03	(0.000000e+00 1.469717e-03 0.000000e+00)
0.000499      	4.170363e-03	(0.000000e+00 1.469717e-03 0.000000e+00)
0.0005        	4.176140e-03	(0.000000e+00 1.469717e-03 0.000000e+00)
0.000501      	4.173665e-03	(0.000000e+00 1.469717e-03 0.000000e+00)
0.000502      	4.171159e-03	(0.000000e+00 1.469717e-03 0.000000e+00)
0.000503      	4.169289e-03	(0.000000e+00 1.469717e-03 0.000000e+00)
0.000504      	4.167639e-03	(0.000000e+00 1.469717e-03 0.000000e+00)
0.000505      	4.165771e-03	(0.000000e+00 1.469717e-03 0.000000e+00)
0.000506      	4.164143e-03	(0.000000e+00 1.469717e-03 0.000000e+00)
0.000507      	4.162559e-03	(0.000000e+00 1.469717e-03 0.000000e+00)
0.000508      	4.161017e-03	(0.000000e+00 1.469717e-03 0.000000e+00)
0.000509      	4.159509e-03	(0.000000e+00 1.469717e-03 0.000000e+00)
0.00051       	4.158026e-03	(0.000000e+00 1.469717e-03 0.000000e+00)
0.000511      	4.156574e-03	(0.000000e+00 1.469717e-03 0.000000e+00)
0.000512      	4.155148e-03	(0.000000e+00 1.469717e-03 0.000000e+00)
0.000513      	4.153883e-03	(0.000000e+00 1.469717e-03 0.000000e+00)
0.000514      	4.152355e-03	(0.000000e+00 1.469717e-03 0.000000e+00)
0.000515      	4.150993e-03	(0.000000e+00 1.469717e-03 0.000000e+00)
0.000516      	4.149648e-03	(0.000000e+00 1.469717e-03 0.000000e+00)
0.000517      	4.148318e-03	(0.000000e+00 1.469717e-03 0.000000e+00)
0.000518      	4.147000e-03	(0.000000e+00 1.469717e-03 0.000000e+00)
0.000519      	4.145699e-03	(0.000000e+00 1.469717e-03 0.000000e+00)
0.00052       	4.144401e-03	(0.000000e+00 1.469717e-03 0.000000e+00)
0.000521      	4.143113e-03	(0.000000e+00 1.469717e-03 0.000000e+00)
0.000522      	4.141833e-03	(0.000000e+00 1.469717e-03 0.000000e+00)
0.000523      	4.140571e-03	(0.000000e+00 1.469717e-03 0.000000e+00)
0.000524      	4.139314e-03	(0.000000e+00 1.469717e-03 0.000000e+00)
0.000525      	4.138073e-03	(0.000000e+00 1.469717e-03 0.000000e+00)
0.000526      	4.136837e-03	(0.000000e+00 1.469717e-03 0.000000e+00)
0.000527      	4.135609e-03	(0.000000e+00 1.469717e-03 0.000000e+00)
0.000528      	4.134387e-03	(0.000000e+00 1.469717e-03 0.000000e+00)
0.000529      	4.133170e-03	(0.000000e+00 1.469717e-03 0.000000e+00)
0.00053       	4.131957e-03	(0.000000e+00 1.469717e-03 0.000000e+00)
0.000531      	4.130758e-03	(0.000000e+00 1.469717e-03 0.000000e+00)
0.000532      	4.129560e-03	(0.000000e+00 1.469717e-03 0.000000e+00)
0.000533      	4.128376e-03	(0.000000e+00 1.469717e-03 0.000000e+00)
0.000534      	4.127202e-03	(0.000000e+00 1.469717e-03 0.000000e+00)
0.000535      	4.126027e-03	(0.000000e+00 1.469717e-03 0.000000e+00)
0.000536      	4.124863e-03	(0.000000e+00 1.469717e-03 0.000000e+00)
0.000537      	4.123704e-03	(0.000000e+00 1.469717e-03 0.000000e+00)
0.000538      	4.122553e-03	(0.000000e+00 1.469717e-03 0.000000e+00)
0.000539      	4.121409e-03	(0.000000e+00 1.469717e-03 0.000000e+00)
0.00054       	4.120270e-03	(0.000000e+00 1.469717e-03 0.000000e+00)
0.000541      	4.119137e-03	(0.000000e+00 1.469717e-03 0.000000e+00)
0.000542      	4.118014e-03	(0.000000e+00 1.469717e-03 0.000000e+00)
0.000543      	4.116894e-03	(0.000000e+00 1.469717e-03 0.000000e+00)
0.000544      	4.115780e-03	(0.000000e+00 1.469717e-03 0.000000e+00)
0.000545      	4.114674e-03	(0.000000e+00 1.469717e-03 0.000000e+00)
0.000546      	4.113572e-03	(0.000000e+00 1.469717e-03 0.000000e+00)
0.000547      	4.112475e-03	(0.000000e+00 1.469717e-03 0.000000e+00)
0.000548      	4.111379e-03	(0.000000e+00 1.469717e-03 0.000000e+00)
0.000549      	4.110289e-03	(0.000000e+00 1.469717e-03 0.000000e+00)
0.00055       	4.109203e-03	(0.000000e+00 1.469717e-03 0.000000e+00)
0.000551      	4.108122e-03	(0.000000e+00 1.469717e-03 0.000000e+00)
0.000552      	4.107053e-03	(0.000000e+00 1.469717e-03 0.000000e+00)
0.000553      	4.105985e-03	(0.000000e+00 1.469717e-03 0.000000e+00)
0.000554      	4.105059e-03	(0.000000e+00 1.469717e-03 0.000000e+00)
0.000555      	4.103715e-03	(0.000000e+00 1.469717e-03 0.000000e+00)
0.000556      	4.102931e-03	(0.000000e+00 1.469717e-03 0.000000e+00)
0.000557      	4.101616e-03	(0.000000e+00 1.469717e-03 0.000000e+00)
0.000558      	4.100835e-03	(0.000000e+00 1.469717e-03 0.000000e+00)
0.000559      	4.099672e-03	(0.000000e+00 1.469717e-03 0.000000e+00)
0.00056       	4.098625e-03	(0.000000e+00 1.469717e-03 0.000000e+00)
0.000561      	4.097608e-03	(0.000000e+00 1.469717e-03 0.000000e+00)
0.000562      	4.096574e-03	(0.000000e+00 1.469717e-03 0.000000e+00)
0.000563      	4.095553e-03	(0.000000e+00 1.469717e-03 0.000000e+00)
0.000564      	4.094540e-03	(0.000000e+00 1.469717e-03 0.000000e+00)
0.000565      	4.093526e-03	(0.000000e+00 1.469717e-03 0.000000e+00)
0.000566      	4.092532e-03	(0.000000e+00 1.469717e-03 0.000000e+00)
0.000567      	4.091504e-03	(0.000000e+00 1.469717e-03 0.000000e+00)
0.000568      	4.090514e-03	(0.000000e+00 1.469717e-03 0.000000e+00)
0.000569      	4.089529e-03	(0.000000e+00 1.469717e-03 0.000000e+00)
0.00057       	4.088554e-03	(0.000000e+00 1.469717e-03 0.000000e+00)
0.000571      	4.087433e-03	(0.000000e+00 1.469717e-03 0.000000e+00)
0.000572      	4.086539e-03	(0.000000e+00 1.469717e-03 0.000000e+00)
0.000573      	4.085674e-03	(0.000000e+00 1.469717e-03 0.000000e+00)
0.000574      	4.084563e-03	(0.000000e+00 1.469717e-03 0.000000e+00)
0.000575      	4.083583e-03	(0.000000e+00 1.469717e-03 0.000000e+00)
0.000576      	4.082617e-03	(0.000000e+00 1.469717e-03 0.000000e+00)
0.000577      	4.081531e-03	(0.000000e+00 1.469717e-03 0.000000e+00)
0.000578      	4.080776e-03	(0.000000e+00 1.469717e-03 0.000000e+00)
0.000579      	4.079675e-03	(0.000000e+00 1.469717e-03 0.000000e+00)
0.00058       	4.078720e-03	(0.000000e+00 1.469717e-03 0.000000e+00)
0.000581      	4.077769e-03	(0.000000e+00 1.469717e-03 0.000000e+00)
0.000582      	4.076819e-03	(0.000000e+00 1.469717e-03 0.000000e+00)
0.000583      	4.075875e-03	(0.000000e+00 1.469717e-03 0.000000e+00)
0.000584      	4.074931e-03	(0.000000e+00 1.469717e-03 0.000000e+00)
0.000585      	4.073991e-03	(0.000000e+00 1.469717e-03 0.000000e+00)
0.000586      	4.073058e-03	(0.000000e+00 1.469717e-03 0.000000e+00)
0.000587      	4.072121e-03	(0.000000e+00 1.469717e-03 0.000000e+00)
0.000588      	4.071195e-03	(0.000000e+00 1.469717e-03 0.000000e+00)
0.000589      	4.070266e-03	(0.000000e+00 1.469717e-03 0.000000e+00)
0.00059       	4.069348e-03	(0.000000e+00 1.469717e-03 0.000000e+00)
0.000591      	4.068430e-03	(0.000000e+00 1.469717e-03 0.000000e+00)
0.000592      	4.067514e-03	(0.000000e+00 1.469717e-03 0.000000e+00)
0.000593      	4.066597e-03	(0.000000e+00 1.469717e-03 0.000000e+00)
0.000594      	4.065695e-03	(0.000000e+00 1.469717e-03 0.000000e+00)
0.000595      	4.064788e-03	(0.000000e+00 1.469717e-03 0.000000e+00)
0.000596      	4.063883e-03	(0.000000e+00 1.469717e-03 0.000000e+00)
0.000597      	4.062982e-03	(0.000000e+00 1.469717e-03 0.000000e+00)
0.000598      	4.062089e-03	(0.000000e+00 1.469717e-03 0.000000e+00)
0.000599      	4.061193e-03	(0.000000e+00 1.469717e-03 0.000000e+00)
0.0006        	4.060301e-03	(0.000000e+00 1.469717e-03 0.000000e+00)
0.000601      	4.059410e-03	(0.000000e+00 1.469717e-03 0.000000e+00)
0.000602      	4.058524e-03	(0.000000e+00 1.469717e-03 0.000000e+00)
0.000603      	4.057654e-03	(0.000000e+00 1.469717e-03 0.000000e+00)
0.000604      	4.056780e-03	(0.000000e+00 1.469717e-03 0.000000e+00)
0.000605      	4.055907e-03	(0.000000e+00 1.469717e-03 0.000000e+00)
0.000606      	4.055031e-03	(0.000000e+00 1.469717e-03 0.000000e+00)
0.000607      	4.054153e-03	(0.000000e+00 1.469717e-03 0.000000e+00)
0.000608      	4.053290e-03	(0.000000e+00 1.469717e-03 0.000000e+00)
0.000609      	4.052430e-03	(0.000000e+00 1.469717e-03 0.000000e+00)
0.00061       	4.051569e-03	(0.000000e+00 1.469717e-03 0.000000e+00)
0.000611      	4.050711e-03	(0.000000e+00 1.469717e-03 0.000000e+00)
0.000612      	4.049859e-03	(0.000000e+00 1.469717e-03 0.000000e+00)
0.000613      	4.049010e-03	(0.000000e+00 1.469717e-03 0.000000e+00)
0.000614      	4.048162e-03	(0.000000e+00 1.469717e-03 0.000000e+00)
0.000615      	4.047319e-03	(0.000000e+00 1.469717e-03 0.000000e+00)
0.000616      	4.046471e-03	(0.000000e+00 1.469717e-03 0.000000e+00)
0.000617      	4.045630e-03	(0.000000e+00 1.469717e-03 0.000000e+00)
0.000618      	4.044794e-03	(0.000000e+00 1.469717e-03 0.000000e+00)
0.000619      	4.043959e-03	(0.000000e+00 1.469717e-03 0.000000e+00)
0.00062       	4.043123e-03	(0.000000e+00 1.469717e-03 0.000000e+00)
0.000621      	4.042293e-03	(0.000000e+00 1.469717e-03 0.000000e+00)
0.000622      	4.041467e-03	(0.000000e+00 1.469717e-03 0.000000e+00)
0.000623      	4.040644e-03	(0.000000e+00 1.469717e-03 0.000000e+00)
0.000624      	4.039826e-03	(0.000000e+00 1.469717e-03 0.000000e+00)
0.000625      	4.039004e-03	(0.000000e+00 1.469717e-03 0.000000e+00)
0.000626      	4.038193e-03	(0.000000e+00 1.469717e-03 0.000000e+00)
0.000627      	4.037378e-03	(0.000000e+00 1.469717e-03 0.000000e+00)
0.000628      	4.036573e-03	(0.000000e+00 1.469717e-03 0.000000e+00)
0.000629      	4.035771e-03	(0.000000e+00 1.469717e-03 0.000000e+00)
0.00063       	4.034976e-03	(0.000000e+00 1.469717e-03 0.000000e+00)
0.000631      	4.034153e-03	(0.000000e+00 1.469717e-03 0.000000e+00)
0.000632      	4.033354e-03	(0.000000e+00 1.469717e-03 0.000000e+00)
0.000633      	4.032556e-03	(0.000000e+00 1.469717e-03 0.000000e+00)
0.000634      	4.031761e-03	(0.000000e+00 1.469717e-03 0.000000e+00)
0.000635      	4.030971e-03	(0.000000e+00 1.469717e-03 0.000000e+00)
0.000636      	4.030180e-03	(0.000000e+00 1.469717e-03 0.000000e+00)
0.000637      	4.029402e-03	(0.000000e+00 1.469717e-03 0.000000e+00)
0.000638      	4.028607e-03	(0.000000e+00 1.469717e-03 0.000000e+00)
0.000639      	4.027826e-03	(0.000000e+00 1.469717e-03 0.000000e+00)
0.00064       	4.027045e-03	(0.000000e+00 1.469717e-03 0.000000e+00)
0.000641      	4.026268e-03	(0.000000e+00 1.469717e-03 0.000000e+00)
0.000642      	4.025498e-03	(0.000000e+00 1.469717e-03 0.000000e+00)
0.000643      	4.024717e-03	(0.000000e+00 1.469717e-03 0.000000e+00)
0.000644      	4.023948e-03	(0.000000e+00 1.469717e-03 0.000000e+00)
0.000645      	4.023178e-03	(0.000000e+00 1.469717e-03 0.000000e+00)
0.000646      	4.022411e-03	(0.000000e+00 1.469717e-03 0.000000e+00)
0.000647      	4.021648e-03	(0.000000e+00 1.469717e-03 0.000000e+00)
0.000648      	4.020884e-03	(0.000000e+00 1.469717e-03 0.000000e+00)
0.000649      	4.020122e-03	(0.000000e+00 1.469717e-03 0.000000e+00)
0.00065       	4.019363e-03	(0.000000e+00 1.469717e-03 0.000000e+00)
0.000651      	4.018608e-03	(0.000000e+00 1.469717e-03 0.000000e+00)
0.000652      	4.017856e-03	(0.000000e+00 1.469717e-03 0.000000e+00)
0.000653      	4.017101e-03	(0.000000e+00 1.469717e-03 0.000000e+00)
0.000654      	4.016349e-03	(0.000000e+00 1.469717e-03 0.000000e+00)
0.000655      	4.015606e-03	(0.000000e+00 1.469717e-03 0.000000e+00)
0.000656      	4.014864e-03	(0.000000e+00 1.469717e-03 0.000000e+00)
0.000657      	4.014119e-03	(0.000000e+00 1.469717e-03 0.000000e+00)
0.000658      	4.013381e-03	(0.000000e+00 1.469717e-03 0.000000e+00)
0.000659      	4.012657e-03	(0.000000e+00 1.469717e-03 0.000000e+00)
0.00066       	4.011909e-03	(0.000000e+00 1.469717e-03 0.000000e+00)
0.000661      	4.011186e-03	(0.000000e+00 1.469717e-03 0.000000e+00)
0.000662      	4.010456e-03	(0.000000e+00 1.469717e-03 0.000000e+00)
0.000663      	4.009730e-03	(0.000000e+00 1.469717e-03 0.000000e+00)
0.000664      	4.008995e-03	(0.000000e+00 1.469717e-03 0.000000e+00)
0.000665      	4.008276e-03	(0.000000e+00 1.469717e-03 0.000000e+00)
0.000666      	4.007561e-03	(0.000000e+00 1.469717e-03 0.000000e+00)
0.000667      	4.006833e-03	(0.000000e+00 1.469717e-03 0.000000e+00)
0.000668      	4.006110e-03	(0.000000e+00 1.469717e-03 0.000000e+00)
0.000669      	4.005390e-03	(0.000000e+00 1.469717e-03 0.000000e+00)
0.00067       	4.004673e-03	(0.000000e+00 1.469717e-03 0.000000e+00)
0.000671      	4.003961e-03	(0.000000e+00 1.469717e-03 0.000000e+00)
0.000672      	4.003250e-03	(0.000000e+00 1.469717e-03 0.000000e+00)
0.000673      	4.002544e-03	(0.000000e+00 1.469717e-03 0.000000e+00)
0.000674      	4.001839e-03	(0.000000e+00 1.469717e-03 0.000000e+00)
0.000675      	4.001147e-03	(0.000000e+00 1.469717e-03 0.000000e+00)
0.000676      	4.000420e-03	(0.000000e+00 1.469717e-03 0.000000e+00)
0.000677      	3.999726e-03	(0.000000e+00 1.469717e-03 0.000000e+00)
0.000678      	3.999036e-03	(0.000000e+00 1.469717e-03 0.000000e+00)
0.000679      	3.998343e-03	(0.000000e+00 1.469717e-03 0.000000e+00)
0.00068       	3.997649e-03	(0.000000e+00 1.469717e-03 0.000000e+00)
0.000681      	3.996957e-03	(0.000000e+00 1.469717e-03 0.000000e+00)
0.000682      	3.996268e-03	(0.000000e+00 1.469717e-03 0.000000e+00)
0.000683      	3.995573e-03	(0.000000e+00 1.469717e-03 0.000000e+00)
0.000684      	3.994891e-03	(0.000000e+00 1.469717e-03 0.000000e+00)
0.000685      	3.994196e-03	(0.000000e+00 1.469717e-03 0.000000e+00)
0.000686      	3.993515e-03	(0.000000e+00 1.469717e-03 0.000000e+00)
0.000687      	3.992825e-03	(0.000000e+00 1.469717e-03 0.000000e+00)
0.000688      	3.992144e-03	(0.000000e+00 1.469717e-03 0.000000e+00)
0.000689      	3.991467e-03	(0.000000e+00 1.469717e-03 0.000000e+00)
0.00069       	3.990794e-03	(0.000000e+00 1.469717e-03 0.000000e+00)
0.000691      	3.990125e-03	(0.000000e+00 1.469717e-03 0.000000e+00)
0.000692      	3.989452e-03	(0.000000e+00 1.469717e-03 0.000000e+00)
0.000693      	3.988781e-03	(0.000000e+00 1.469717e-03 0.000000e+00)
0.000694      	3.988109e-03	(0.000000e+00 1.469717e-03 0.000000e+00)
0.000695      	3.987438e-03	(0.000000e+00 1.469717e-03 0.000000e+00)
0.000696      	3.986770e-03	(0.000000e+00 1.469717e-03 0.000000e+00)
0.000697      	3.986105e-03	(0.000000e+00 1.469717e-03 0.000000e+00)
0.000698      	3.985440e-03	(0.000000e+00 1.469717e-03 0.000000e+00)
0.000699      	3.984780e-03	(0.000000e+00 1.469717e-03 0.000000e+00)
0.0007        	3.984121e-03	(0.000000e+00 1.469717e-03 0.000000e+00)
0.000701      	3.983463e-03	(0.000000e+00 1.469717e-03 0.000000e+00)
0.000702      	3.982810e-03	(0.000000e+00 1.469717e-03 0.000000e+00)
0.000703      	3.982157e-03	(0.000000e+00 1.469717e-03 0.000000e+00)
0.000704      	3.981506e-03	(0.000000e+00 1.469717e-03 0.000000e+00)
0.000705      	3.980851e-03	(0.000000e+00 1.469717e-03 0.000000e+00)
0.000706      	3.980202e-03	(0.000000e+00 1.469717e-03 0.000000e+00)
0.000707      	3.979557e-03	(0.000000e+00 1.469717e-03 0.000000e+00)
0.000708      	3.978915e-03	(0.000000e+00 1.469717e-03 0.000000e+00)
0.000709      	3.978271e-03	(0.000000e+00 1.469717e-03 0.000000e+00)
0.00071       	3.977629e-03	(0.000000e+00 1.469717e-03 0.000000e+00)
0.000711      	3.976992e-03	(0.000000e+00 1.469717e-03 0.000000e+00)
0.000712      	3.976354e-03	(0.000000e+00 1.469717e-03 0.000000e+00)
0.000713      	3.975717e-03	(0.000000e+00 1.469717e-03 0.000000e+00)
0.000714      	3.975080e-03	(0.000000e+00 1.469717e-03 0.000000e+00)
0.000715      	3.974446e-03	(0.000000e+00 1.469717e-03 0.000000e+00)
0.000716      	3.973813e-03	(0.000000e+00 1.469717e-03 0.000000e+00)
0.000717      	3.973184e-03	(0.000000e+00 1.469717e-03 0.000000e+00)
0.000718      	3.972572e-03	(0.000000e+00 1.469717e-03 0.000000e+00)
0.000719      	3.971927e-03	(0.000000e+00 1.469717e-03 0.000000e+00)
0.00072       	3.971292e-03	(0.000000e+00 1.469717e-03 0.000000e+00)
0.000721      	3.970682e-03	(0.000000e+00 1.469717e-03 0.000000e+00)
0.000722      	3.970061e-03	(0.000000e+00 1.469717e-03 0.000000e+00)
0.000723      	3.969441e-03	(0.000000e+00 1.469717e-03 0.000000e+00)
0.000724      	3.968823e-03	(0.000000e+00 1.469717e-03 0.000000e+00)
0.000725      	3.968205e-03	(0.000000e+00 1.469717e-03 0.000000e+00)
0.000726      	3.967589e-03	(0.000000e+00 1.469717e-03 0.000000e+00)
0.000727      	3.966975e-03	(0.000000e+00 1.469717e-03 0.000000e+00)
0.000728      	3.966361e-03	(0.000000e+00 1.469717e-03 0.000000e+00)
0.000729      	3.965751e-03	(0.000000e+00 1.469717e-03 0.000000e+00)
0.00073       	3.965137e-03	(0.000000e+00 1.469717e-03 0.000000e+00)
0.000731      	3.964529e-03	(0.000000e+00 1.469717e-03 0.000000e+00)
0.000732      	3.963923e-03	(0.000000e+00 1.469717e-03 0.000000e+00)
0.000733      	3.963327e-03	(0.000000e+00 1.469717e-03 0.000000e+00)
0.000734      	3.962720e-03	(0.000000e+00 1.469717e-03 0.000000e+00)
0.000735      	3.962118e-03	(0.000000e+00 1.469717e-03 0.000000e+00)
0.000736      	3.961515e-03	(0.000000e+00 1.469717e-03 0.000000e+00)
0.000737      	3.960912e-03	(0.000000e+00 1.469717e-03 0.000000e+00)
0.000738      	3.960314e-03	(0.000000e+00 1.469717e-03 0.000000e+00)
0.000739      	3.959720e-03	(0.000000e+00 1.469717e-03 0.000000e+00)
0.00074       	3.959124e-03	(0.000000e+00 1.469717e-03 0.000000e+00)
0.000741      	3.958533e-03	(0.000000e+00 1.469717e-03 0.000000e+00)
0.000742      	3.957943e-03	(0.000000e+00 1.469717e-03 0.000000e+00)
0.000743      	3.957355e-03	(0.000000e+00 1.469717e-03 0.000000e+00)
0.000744      	3.956774e-03	(0.000000e+00 1.469717e-03 0.000000e+00)
0.000745      	3.956185e-03	(0.000000e+00 1.469717e-03 0.000000e+00)
0.000746      	3.955597e-03	(0.000000e+00 1.469717e-03 0.000000e+00)
0.000747      	3.955016e-03	(0.000000e+00 1.469717e-03 0.000000e+00)
0.000748      	3.954429e-03	(0.000000e+00 1.469717e-03 0.000000e+00)
0.000749      	3.953847e-03	(0.000000e+00 1.469717e-03 0.000000e+00)
0.00075       	3.953265e-03	(0.000000e+00 1.469717e-03 0.000000e+00)
0.000751      	3.952687e-03	(0.000000e+00 1.469717e-03 0.000000e+00)
0.000752      	3.952113e-03	(0.000000e+00 1.469717e-03 0.000000e+00)
0.000753      	3.951540e-03	(0.000000e+00 1.469717e-03 0.000000e+00)
0.000754      	3.950959e-03	(0.000000e+00 1.469717e-03 0.000000e+00)
0.000755      	3.950387e-03	(0.000000e+00 1.469717e-03 0.000000e+00)
0.000756      	3.949820e-03	(0.000000e+00 1.469717e-03 0.000000e+00)
0.000757      	3.949250e-03	(0.000000e+00 1.469717e-03 0.000000e+00)
0.000758      	3.948683e-03	(0.000000e+00 1.469717e-03 0.000000e+00)
0.000759      	3.948132e-03	(0.000000e+00 1.469717e-03 0.000000e+00)
0.00076       	3.947563e-03	(0.000000e+00 1.469717e-03 0.000000e+00)
0.000761      	3.946988e-03	(0.000000e+00 1.469717e-03 0.000000e+00)
0.000762      	3.946411e-03	(0.000000e+00 1.469717e-03 0.000000e+00)
0.000763      	3.945857e-03	(0.000000e+00 1.469717e-03 0.000000e+00)
0.000764      	3.945299e-03	(0.000000e+00 1.469717e-03 0.000000e+00)
0.000765      	3.944739e-03	(0.000000e+00 1.469717e-03 0.000000e+00)
0.000766      	3.944179e-03	(0.000000e+00 1.469717e-03 0.000000e+00)
0.000767      	3.943620e-03	(0.000000e+00 1.469717e-03 0.000000e+00)
0.000768      	3.943066e-03	(0.000000e+00 1.469717e-03 0.000000e+00)
0.000769      	3.942512e-03	(0.000000e+00 1.469717e-03 0.000000e+00)
0.00077       	3.941960e-03	(0.000000e+00 1.469717e-03 0.000000e+00)
0.000771      	3.941409e-03	(0.000000e+00 1.469717e-03 0.000000e+00)
0.000772      	3.940860e-03	(0.000000e+00 1.469717e-03 0.000000e+00)
0.000773      	3.940312e-03	(0.000000e+00 1.469717e-03 0.000000e+00)
0.000774      	3.939764e-03	(0.000000e+00 1.469717e-03 0.000000e+00)
0.000775      	3.939221e-03	(0.000000e+00 1.469717e-03 0.000000e+00)
0.000776      	3.938673e-03	(0.000000e+00 1.469717e-03 0.000000e+00)
0.000777      	3.938129e-03	(0.000000e+00 1.469717e-03 0.000000e+00)
0.000778      	3.937582e-03	(0.000000e+00 1.469717e-03 0.000000e+00)
0.000779      	3.937042e-03	(0.000000e+00 1.469717e-03 0.000000e+00)
0.00078       	3.936504e-03	(0.000000e+00 1.469717e-03 0.000000e+00)
0.000781      	3.935964e-03	(0.000000e+00 1.469717e-03 0.000000e+00)
0.000782      	3.935426e-03	(0.000000e+00 1.469717e-03 0.000000e+00)
0.000783      	3.934893e-03	(0.000000e+00 1.469717e-03 0.000000e+00)
0.000784      	3.934363e-03	(0.000000e+00 1.469717e-03 0.000000e+00)
0.000785      	3.933827e-03	(0.000000e+00 1.469717e-03 0.000000e+00)
0.000786      	3.933296e-03	(0.000000e+00 1.469717e-03 0.000000e+00)
0.000787      	3.932766e-03	(0.000000e+00 1.469717e-03 0.000000e+00)
0.000788      	3.932240e-03	(0.000000e+00 1.469717e-03 0.000000e+00)
0.000789      	3.931710e-03	(0.000000e+00 1.469717e-03 0.000000e+00)
0.00079       	3.931184e-03	(0.000000e+00 1.469717e-03 0.000000e+00)
0.000791      	3.930653e-03	(0.000000e+00 1.469717e-03 0.000000e+00)
0.000792      	3.930127e-03	(0.000000e+00 1.469717e-03 0.000000e+00)
0.000793      	3.929602e-03	(0.000000e+00 1.469717e-03 0.000000e+00)
0.000794      	3.929078e-03	(0.000000e+00 1.469717e-03 0.000000e+00)
0.000795      	3.928554e-03	(0.000000e+00 1.469717e-03 0.000000e+00)
0.000796      	3.928034e-03	(0.000000e+00 1.469717e-03 0.000000e+00)
0.000797      	3.927514e-03	(0.000000e+00 1.469717e-03 0.000000e+00)
0.000798      	3.926999e-03	(0.000000e+00 1.469717e-03 0.000000e+00)
0.000799      	3.926496e-03	(0.000000e+00 1.469717e-03 0.000000e+00)
0.0008        	3.925969e-03	(0.000000e+00 1.469717e-03 0.000000e+00)
0.000801      	3.925466e-03	(0.000000e+00 1.469717e-03 0.000000e+00)
0.000802      	3.924939e-03	(0.000000e+00 1.469717e-03 0.000000e+00)
0.000803      	3.924416e-03	(0.000000e+00 1.469717e-03 0.000000e+00)
0.000804      	3.923908e-03	(0.000000e+00 1.469717e-03 0.000000e+00)
0.000805      	3.923403e-03	(0.000000e+00 1.469717e-03 0.000000e+00)
0.000806      	3.922889e-03	(0.000000e+00 1.469717e-03 0.000000e+00)
0.000807      	3.922380e-03	(0.000000e+00 1.469717e-03 0.000000e+00)
0.000808      	3.921876e-03	(0.000000e+00 1.469717e-03 0.000000e+00)
0.000809      	3.921366e-03	(0.000000e+00 1.469717e-03 0.000000e+00)
0.00081       	3.920861e-03	(0.000000e+00 1.469717e-03 0.000000e+00)
0.000811      	3.920355e-03	(0.000000e+00 1.469717e-03 0.000000e+00)
0.000812      	3.919852e-03	(0.000000e+00 1.469717e-03 0.000000e+00)
0.000813      	3.919350e-03	(0.000000e+00 1.469717e-03 0.000000e+00)
0.000814      	3.918846e-03	(0.000000e+00 1.469717e-03 0.000000e+00)
0.000815      	3.918341e-03	(0.000000e+00 1.469717e-03 0.000000e+00)
0.000816      	3.917842e-03	(0.000000e+00 1.469717e-03 0.000000e+00)
0.000817      	3.917345e-03	(0.000000e+00 1.469717e-03 0.000000e+00)
0.000818      	3.916850e-03	(0.000000e+00 1.469717e-03 0.000000e+00)
0.000819      	3.916359e-03	(0.000000e+00 1.469717e-03 0.000000e+00)
0.00082       	3.915862e-03	(0.000000e+00 1.469717e-03 0.000000e+00)
0.000821      	3.915367e-03	(0.000000e+00 1.469717e-03 0.000000e+00)
0.000822      	3.914871e-03	(0.000000e+00 1.469717e-03 0.000000e+00)
0.000823      	3.914379e-03	(0.000000e+00 1.469717e-03 0.000000e+00)
0.000824      	3.913893e-03	(0.000000e+00 1.469717e-03 0.000000e+00)
0.000825      	3.913420e-03	(0.000000e+00 1.469717e-03 0.000000e+00)
0.000826      	3.912927e-03	(0.000000e+00 1.469717e-03 0.000000e+00)
0.000827      	3.912437e-03	(0.000000e+00 1.469717e-03 0.000000e+00)
0.000828      	3.911950e-03	(0.000000e+00 1.469717e-03 0.000000e+00)
0.000829      	3.911465e-03	(0.000000e+00 1.469717e-03 0.000000e+00)
0.00083       	3.910981e-03	(0.000000e+00 1.469717e-03 0.000000e+00)
0.000831      	3.910495e-03	(0.000000e+00 1.469717e-03 0.000000e+00)
0.000832      	3.910012e-03	(0.000000e+00 1.469717e-03 0.000000e+00)
0.000833      	3.909529e-03	(0.000000e+00 1.469717e-03 0.000000e+00)
0.000834      	3.909046e-03	(0.000000e+00 1.469717e-03 0.000000e+00)
0.000835      	3.908563e-03	(0.000000e+00 1.469717e-03 0.000000e+00)
0.000836      	3.908086e-03	(0.000000e+00 1.469717e-03 0.000000e+00)
0.000837      	3.907604e-03	(0.000000e+00 1.469717e-03 0.000000e+00)
0.000838      	3.907127e-03	(0.000000e+00 1.469717e-03 0.000000e+00)
0.000839      	3.906646e-03	(0.000000e+00 1.469717e-03 0.000000e+00)
0.00084       	3.906173e-03	(0.000000e+00 1.469717e-03 0.000000e+00)
0.000841      	3.905716e-03	(0.000000e+00 1.469717e-03 0.000000e+00)
0.000842      	3.905235e-03	(0.000000e+00 1.469717e-03 0.000000e+00)
0.000843      	3.904762e-03	(0.000000e+00 1.469717e-03 0.000000e+00)
0.000844      	3.904294e-03	(0.000000e+00 1.469717e-03 0.000000e+00)
0.000845      	3.903828e-03	(0.000000e+00 1.469717e-03 0.000000e+00)
0.000846      	3.903352e-03	(0.000000e+00 1.469717e-03 0.000000e+00)
0.000847      	3.902898e-03	(0.000000e+00 1.469717e-03 0.000000e+00)
0.000848      	3.902428e-03	(0.000000e+00 1.469717e-03 0.000000e+00)
0.000849      	3.901965e-03	(0.000000e+00 1.469717e-03 0.000000e+00)
0.00085       	3.901517e-03	(0.000000e+00 1.469717e-03 0.000000e+00)
0.000851      	3.901037e-03	(0.000000e+00 1.469717e-03 0.000000e+00)
0.000852      	3.900574e-03	(0.000000e+00 1.469717e-03 0.000000e+00)
0.000853      	3.900115e-03	(0.000000e+00 1.469717e-03 0.000000e+00)
0.000854      	3.899647e-03	(0.000000e+00 1.469717e-03 0.000000e+00)
0.000855      	3.899189e-03	(0.000000e+00 1.469717e-03 0.000000e+00)
0.000856      	3.898729e-03	(0.000000e+00 1.469717e-03 0.000000e+00)
0.000857      	3.898271e-03	(0.000000e+00 1.469717e-03 0.000000e+00)
0.000858      	3.897812e-03	(0.000000e+00 1.469717e-03 0.000000e+00)
0.000859      	3.897354e-03	(0.000000e+00 1.469717e-03 0.000000e+00)
